T <- 1
D <- c(6.0)
