N <-
9
y <-
c(5, 5, 5, 5, 5, 5, -5, -5, -5)
seed <-
0
mu1 <-
-10
mu2 <-
10
sd <-
1
