N <- 4
y <- c(1, 0, 1, 0)
