0.010865225445984046	0.0023420268070129253	0.0021402577167973203	0.0004613379604109654	0.11033965882173621	0.023783992345292944	0.021734966056253448	0.004685026869099751	0.05074561612121308	0.010938345815750768	0.009995991066821747	0.002154661139572698	0.5153371181619634	0.11108221834736139	0.10151232014296614	0.021881237181763127
0.010866206168816272	0.00234252214097878	0.0021407769243978773	0.00046150581595717874	0.11034109704051966	0.02378718559740552	0.02173855996170776	0.0046863695785041995	0.05074609801575163	0.01093977569754939	0.009997608544104078	0.0021552710308968565	0.5153022166699558	0.11108816021814119	0.10152090595371883	0.021885740641594847
0.010867186828411925	0.0023430175131581624	0.0021412961914421286	0.00046167371157094145	0.11034253430488361	0.02379037872493984	0.021742153897951158	0.004687712483555785	0.05074657969223514	0.010941205560294825	0.00999922606829583	0.0021558810174121643	0.5152673179323861	0.11109410088701317	0.10152949083184722	0.02189024435460197
0.010868167424760794	0.002343512923537329	0.0021418155179171146	0.00046184164725287434	0.11034397061502088	0.023793571727794418	0.021745747864851624	0.004689055584215542	0.05074706115073192	0.010942635403953299	0.010000843639351524	0.002156491099106548	0.5152324219497637	0.1111000403539776	0.10153807477715697	0.021894748320607914
0.010869147957852697	0.002344008372102544	0.002142334903809871	0.00046200962300359613	0.1103454059711242	0.02379676460586776	0.02174934186227711	0.004690398880444496	0.050747542391310414	0.010944065228491059	0.010002461257225688	0.002157101275967935	0.5151975287225977	0.11110597861903491	0.10154665778945388	0.021899252539436045
0.010870128427677409	0.0023445038588400502	0.0021428543491074188	0.0004621776388237188	0.1103468403733863	0.02379995735905841	0.02175293589009563	0.004691742372203638	0.05074802341403884	0.010945495033874323	0.010004078921872824	0.0021577115479842336	0.5151626382513976	0.11111191568218566	0.101555239868544	0.021903757010909734
0.010871108834224763	0.0023449993837361053	0.0021433738537967838	0.00046234569471385173	0.11034827382200006	0.02380314998726497	0.021756529948175205	0.004693086059453956	0.05074850421898559	0.010946924820069356	0.010005696633247461	0.0021583219151433443	0.5151277505366724	0.11111785154343051	0.10156382101423345	0.021908261734852334
0.01087208917748455	0.0023454949467769555	0.002143893417864985	0.00046251379067460273	0.11034970631715836	0.023806342490385993	0.021760124036383832	0.0046944299421564075	0.05074898480621892	0.010948354587042403	0.010007314391304123	0.002158932377433169	0.5150928655789301	0.11112378620277001	0.1015724012263283	0.021912766711087175
0.010873069457446627	0.00234599054794886	0.0021444130412990444	0.0004626819267065756	0.11035113785905416	0.023809534868320194	0.021763718154589554	0.004695774020271934	0.050749465175807244	0.010949784334759727	0.01000893219599732	0.00215954293484159	0.5150579833786796	0.11112971966020524	0.10158098050463482	0.021917271939437585
0.01087404967410086	0.002346486187238069	0.0021449327240859765	0.00046285010281037095	0.11035256844788041	0.023812727120966163	0.021767312302660415	0.004697118293761455	0.05074994532781899	0.010951214063187652	0.010010550047281632	0.0021601535873564974	0.5150231039364284	0.11113565191573688	0.10158955884895945	0.021921777419726837
0.010875029827437046	0.002346981864630819	0.002145452466212782	0.0004630183189865838	0.11035399808382987	0.02381591924822259	0.021770906480464442	0.004698462762585867	0.050750425262322395	0.010952643772292393	0.010012167945111535	0.002160764334965755	0.5149882272526849	0.11114158296936613	0.10159813625910877	0.021926283151778254
0.010876009917445027	0.0023474775801133516	0.0021459722676664627	0.00046318657523580656	0.11035542676709553	0.023819111249988176	0.021774500687869684	0.004699807426706058	0.050750904979385746	0.010954073462040246	0.010013785889441571	0.0021613751776572284	0.5149533533279566	0.11114751282109413	0.10160671273488933	0.021930789135415126
0.010876989944114703	0.0023479733336719284	0.002146492128434028	0.0004633548715586317	0.1103568544978707	0.023822303126161716	0.02177809492474425	0.004701152286082893	0.050751384479077455	0.010955503132397546	0.010015403880226282	0.002161986115418779	0.5149184821627505	0.1111534414709221	0.10161528827610776	0.02193529537046069
0.010877969907435924	0.0023484691252927763	0.002147012048502466	0.0004635232079556425	0.11035828127634818	0.02382549487664193	0.02178168919095619	0.004702497340677198	0.050751863761465836	0.01095693278333055	0.010017021917420186	0.002162597148238245	0.5148836137575741	0.11115936891885143	0.10162386288257101	0.021939801856738175
0.010878949807398544	0.0023489649549621417	0.00214753202785877	0.00046369158442742287	0.11035970710272114	0.02382868650132762	0.0217852834863736	0.00470384259044981	0.05075234282661922	0.010958362414805587	0.010018640000977828	0.002163208276103471	0.5148487481129342	0.11116529516488363	0.10163243655408606	0.021944308594070858
0.010879929643992507	0.0023494608226662687	0.002148052066489938	0.000463860000974553	0.11036113197718278	0.02383187800011762	0.0217888778108646	0.004705188035361528	0.05075282167460607	0.010959792026789	0.010020258130853764	0.002163819499002294	0.5148138852293371	0.11117122020902012	0.10164100929045985	0.021948815582281917
0.010880909417207648	0.0023499567283913913	0.002148572164382942	0.0004640284575976076	0.1103625558999261	0.02383506937291076	0.021792472164297253	0.004706533675373132	0.050753300305494575	0.01096122161924709	0.010021876307002507	0.002164430816922531	0.5147790251072897	0.11117714405126275	0.10164958109149949	0.02195332282119457
0.010881889127033922	0.002350452672123751	0.002149092321524769	0.0004641969542971605	0.11036397887114441	0.023838260619605936	0.02179606654653972	0.0047078795104453855	0.05075377871935324	0.010962651192146223	0.010023494529378632	0.002165042229852006	0.5147441677472974	0.11118306669161317	0.10165815195701239	0.021957830310632004
0.010882868773461193	0.0023509486538495815	0.002149612537902393	0.00046436549107378006	0.11036540089103074	0.023841451740101993	0.02179966095746009	0.004709225540539026	0.05075425691625038	0.01096408074545273	0.010025112797936662	0.002165653737778523	0.5147093131498666	0.11118898813007323	0.10166672188680577	0.021962338050417373
0.010883848356479401	0.002351444673555118	0.0021501328135027863	0.0004645340679280321	0.11036682195977854	0.02384464273429794	0.021803255396926565	0.0047105717656147905	0.05075473489625427	0.010965510279132958	0.010026731112631138	0.002166265340689881	0.5146744613155025	0.11119490836664507	0.10167529088068719	0.02196684604037385
0.010884827876078435	0.002351940731226582	0.0021506531483129095	0.0004647026848604781	0.11036824207758109	0.023847833602092708	0.02180684986480726	0.004711918185633378	0.050755212659433134	0.010966939793153212	0.010028349473416572	0.002166877038573866	0.5146396122447109	0.1112008274013307	0.1016838589384643	0.02197135428032461
0.010886547766601572	0.002352708986324326	0.002151305293371389	0.00046492197568540647	0.11037375762882295	0.0238530466218473	0.02181110615843105	0.004713632508740971	0.05075623029970337	0.010969008881254976	0.010030006688650703	0.0021676005447453265	0.514594339854809	0.1112097933747441	0.10168967711370178	0.021976316302565604
0.010888267645457866	0.0023534773786956266	0.002151957541251262	0.0004651413391147709	0.11037927146330255	0.023858259819150733	0.021815362494543616	0.0047153471801706795	0.050757247559552944	0.010971078028752697	0.010031663917124808	0.0021683241878683256	0.5145490714900911	0.11121875760336758	0.10169549379132423	0.02198127856023129
0.010889987512592028	0.002354245908320115	0.002152609891934353	0.00046536077515571203	0.11038478358111399	0.023863473193715727	0.021819618872931247	0.004717062199869863	0.05075826443908765	0.010973147235566456	0.010033321158785533	0.0021690479679264754	0.5145038071515692	0.11122772008701753	0.101701308971358	0.0219862410530561
0.010891707367948845	0.0023550145751774104	0.0021532623454024783	0.0004655802838153651	0.110390293982352	0.023868686745255097	0.021823875293380427	0.004718777567785865	0.050759280938413455	0.010975216501616352	0.0100349784135795	0.002169771884903379	0.5144585468402545	0.11123668082551069	0.10170712265382997	0.02199120378077448
0.010893427211473065	0.002355783379247114	0.002153914901637439	0.0004657998651008572	0.11039580266711138	0.023873900473481684	0.021828131755677556	0.004720493283865961	0.05076029705763609	0.010977285826822445	0.010036635681453344	0.002170495938782615	0.5144132905571581	0.1112456398186643	0.1017129348387671	0.021996166743120917
0.01089514704310949	0.002356552320508818	0.002154567560621035	0.0004660195190193083	0.11040130963548707	0.023879114378108263	0.021832388259609127	0.0047222093480573804	0.05076131279686149	0.01097935521110486	0.010038292962353743	0.002171220129547757	0.51436803830329	0.11125459706629545	0.10171874552619643	0.022001129939829785
0.010896866862802917	0.002357321398942097	0.0021552203223350504	0.0004662392455778306	0.11040681488757417	0.02388432845884763	0.02183664480496162	0.00472392576030731	0.05076232815619565	0.010981424654383716	0.010039950256227356	0.002171944457182359	0.5143227900796598	0.11126355256822171	0.10172455471614532	0.02200609337063555
0.010898586670498159	0.0023580906145265063	0.00215587318676126	0.0004664590447835294	0.11041231842346819	0.023889542715412642	0.021840901391521558	0.004725642520562877	0.05076334313574427	0.010983494156579083	0.010041607563020841	0.002172668921669959	0.5142775458872765	0.11127250632426089	0.10173036240864114	0.02201105703527262
0.01090030646614001	0.0023588599672415885	0.00215652615388143	0.0004666789166435015	0.11041782024326438	0.02389475714751603	0.021845158019075394	0.00472735962877116	0.050764357735613434	0.010985563717611096	0.010043264882680892	0.002173393522994083	0.514232305727149	0.11128145833423107	0.10173616860371158	0.02201602093347541
0.010902026249673352	0.002359629457066876	0.0021571792236773184	0.0004668988611648378	0.11042332034705866	0.02389997175487067	0.021849414687409776	0.004729077084879197	0.05076537195590896	0.010987633337399886	0.010044922215154201	0.0021741182611382426	0.5141870696002848	0.1112904085979504	0.10174197330138435	0.022020985064978293
0.010903746021043026	0.002360399083981887	0.002157832396130673	0.00046711887835462106	0.11042881873494689	0.0239051865371894	0.021853671396311215	0.004730794888833972	0.05076638579673695	0.01098970301586559	0.010046579560387469	0.002174843136085933	0.5141418375076917	0.11129935711523764	0.10174777650168751	0.0220259494295157
0.010905465780193873	0.0023611688479661095	0.002158485671223229	0.0004673389682199248	0.11043431540702509	0.023910401494185027	0.021857928145566335	0.004732513040582418	0.05076739925820311	0.010991772752928298	0.010048236918327399	0.0021755681478206274	0.5140966094503763	0.11130830388591136	0.10175357820464899	0.022030914026821988
0.010907185527070803	0.0023619387489990365	0.0021591390489367145	0.00046755913076781784	0.11043981036338948	0.023915616625570364	0.021862184934961715	0.004734231540071415	0.05076841234041364	0.010993842548508199	0.010049894288920726	0.0021762932963257983	0.5140513854293448	0.11131724890979076	0.10175937841029727	0.022035878856631542
0.010908905261618706	0.0023627087870601382	0.0021597925292528497	0.0004677793660053613	0.11044530360413654	0.023920831931058265	0.021866441764284008	0.004735950387247795	0.05076942504347446	0.010995912402525444	0.010051551672114184	0.0021770185815848998	0.5140061654456028	0.11132619218669507	0.10176517711866066	0.02204084391867871
0.01091062498378248	0.002363478962128868	0.002160446112153341	0.0004679996739396066	0.1104507951293629	0.023926047410361563	0.021870698633319873	0.004737669582058348	0.050770437367491615	0.01099798231490018	0.010053209067854509	0.0021777440035813628	0.5139609495001557	0.11133513371644391	0.10177097432976791	0.022045809212697883
0.010912344693507025	0.002364249274184662	0.0021610997976198856	0.0004682200545775988	0.11045628493916526	0.02393126306319307	0.021874955541855996	0.004739389124449806	0.05077144931257095	0.01100005228555255	0.010054866476088435	0.002178469562298605	0.513915737594008	0.11134407349885697	0.10177677004364774	0.0220507747384234
0.010914064390737324	0.002365019723206952	0.002161753585634178	0.00046844050792637775	0.11046177303364067	0.02393647888926567	0.021879212489679067	0.0047411090143688606	0.05077246087881872	0.011002122314402752	0.010056523896762756	0.0021791952577200437	0.5138705297281635	0.11135301153375439	0.1017825642603292	0.0220557404955896
0.010915784075418277	0.0023657903091751455	0.00216240747617789	0.000468661033992971	0.11046725941288645	0.023941694888292234	0.02188346947657581	0.004742829251762135	0.05077347206634072	0.01100419240137095	0.0100581813298242	0.0021799210898290565	0.5138253259036256	0.11136194782095644	0.10178835697984116	0.022060706483930777
0.01091750374749485	0.002366561032068633	0.0021630614692326956	0.00046888163278440244	0.1104727440769998	0.023946911059985573	0.021887726502332974	0.004744549836576228	0.050774482875243075	0.011006262546377292	0.01005983877521956	0.0021806470586090234	0.5137801261213976	0.11137088236028377	0.10179414820221327	0.022065672703181334
0.010919223406912065	0.0023673318918668055	0.0021637155647802582	0.00046910230430768885	0.11047822702607822	0.023952127404058568	0.021891983566737324	0.004746270768757672	0.05077549330563202	0.011008332749342032	0.010061496232895656	0.002181373164043316	0.5137349303824811	0.11137981515155707	0.10179993792747472	0.02207063915307552
0.01092059627020699	0.0023677660727710963	0.0021640908361301473	0.00046921072196057614	0.11048398007950427	0.023954756053994237	0.021894167947727736	0.004747018090908651	0.05077713487718784	0.011009323507611777	0.010062301503852214	0.002181673557497357	0.5137137038543035	0.11138163603961736	0.10180058775165239	0.022072052835073873
0.010921969159815964	0.0023682002861436595	0.0021644661325693746	0.0004693191529379331	0.11048973246691284	0.023957384626829357	0.021896352243986145	0.004747765434139363	0.0507787763550779	0.011010314251440965	0.01006310675901347	0.002181973960691121	0.5136924791100853	0.11138345642781951	0.10180123724210517	0.022073466390431964
0.010923342075716014	0.002368634531976605	0.002164841454091321	0.0004694275972382781	0.11049548418827301	0.02396001312250975	0.02189853645547268	0.004748512798431353	0.0507804177393107	0.011011304980819665	0.01006391199837329	0.0021822743736200473	0.5136712561498822	0.11138527631623751	0.10180188639890556	0.02207487981914193
0.010924715017884076	0.0023690688102620196	0.0021652168006893544	0.00046953605486012653	0.11050123524355422	0.02396264154098124	0.02190072058214753	0.0047492601837661715	0.05078205902989436	0.011012295695737858	0.010064717221925479	0.002182574796279566	0.5136500349737503	0.11138709570494539	0.1018025352221265	0.022076293121195974
0.010926087986297212	0.0023695031209920157	0.0021655921723568545	0.0004696445258019966	0.11050698563272573	0.023965269882189718	0.02190290462397091	0.004750007590125384	0.05078370022683735	0.011013286396185599	0.010065522429663906	0.0021828752286651215	0.5136288155817444	0.11138891459401702	0.10180318371184048	0.022077706296586272
0.01092746098093241	0.0023699374641586862	0.0021659675690871975	0.00046975301006240376	0.11051273535575698	0.023967898146081027	0.021905088580903013	0.004750755017490536	0.050785341330148025	0.01101427708215295	0.010066327621582452	0.0021831756707721543	0.5136075979739203	0.11139073298352654	0.10180383186812023	0.02207911934530499
0.010928834001766675	0.002370371839754131	0.002166342990873759	0.00046986150763986403	0.1105184844126173	0.02397052633260105	0.021907272452904056	0.0047515024658431855	0.05078698233983477	0.011015267753629921	0.010067132797674946	0.0021834761225960997	0.5135863821503335	0.11139255087354785	0.10180447969103855	0.022080532267344348
0.010930207048776983	0.002370806247770438	0.002166718437709903	0.00046997001853288963	0.11052423280327625	0.02397315444169571	0.021909456239934278	0.004752249935164881	0.050788623255905725	0.011016258410606532	0.01006793795793522	0.0021837765841323893	0.5135651681110391	0.11139436826415504	0.10180512718066803	0.022081945062696517
0.010931580121940388	0.0023712406881997126	0.002167093909589013	0.0004700785427399971	0.11052998052770335	0.023975782473310885	0.02191163994195388	0.00475299742543719	0.05079026407836949	0.011017249053072876	0.010068743102357183	0.002184077055376474	0.5135439558560924	0.11139618515542207	0.10180577433708127	0.02208335773135375
0.010932953221233846	0.002371675161034038	0.0021674694065044495	0.00047018708025969646	0.1105357275858679	0.02397841042739246	0.0219138235589231	0.004753744936641652	0.05079190480723427	0.011018239681018966	0.010069548230934653	0.002184377536323781	0.5135227453855487	0.11139800154742308	0.10180642116035112	0.02208477027330823
0.010934326346634403	0.002372109666265512	0.0021678449284495893	0.0004702956310905023	0.11054147397773978	0.02398103830388642	0.02191600709080225	0.004754492468759833	0.05079354544250846	0.01101923029443484	0.010070353343661484	0.0021846780269697517	0.513501536699463	0.11139981744023195	0.10180706765055017	0.022086182688552197
0.010935699498119053	0.002372544203886227	0.0021682204754178013	0.00047040419523092643	0.11054721970328829	0.023983666102738634	0.021918190537551504	0.004755240021773282	0.05079518598420044	0.011020220893310576	0.010071158440531575	0.0021849785273098305	0.5134803297978903	0.11140163283392276	0.101807713807751	0.022087594977077844
0.010937072675664794	0.0023729787738882664	0.002168596047402448	0.0004705127726794783	0.11055296476248329	0.023986293823895083	0.021920373899131193	0.004755987595663561	0.050796826432318455	0.011021211477636196	0.01007196352153875	0.0021852790373394484	0.5134591246808857	0.11140344772856958	0.10180835963202639	0.022089007138877473
0.010938445879248668	0.002373413376263726	0.0021689716443969113	0.0004706213634346699	0.11055870915529437	0.02398892146730172	0.02192255717550158	0.004756735190412226	0.05079846678687092	0.01102220204740176	0.01007276858667689	0.002185579557054048	0.5134379213485039	0.11140526212424641	0.10180900512344888	0.022090419173943276
0.010939819108847651	0.002373848011004687	0.0021693472663945443	0.0004707299674950091	0.11056445288169119	0.023991549032904468	0.021924740366622925	0.004757482806000821	0.05080010704786625	0.011023192602597338	0.010073573635939862	0.002185880086449066	0.5134167198008002	0.1114070760210274	0.10180965028209123	0.022091831082267522
0.010941192364438782	0.0023742826781032365	0.002169722913388718	0.00047083858485900645	0.11057019594164363	0.023994176520649377	0.021926923472455576	0.004758230442410922	0.050801747215312644	0.011024183143212945	0.010074378669321506	0.002186180625519942	0.5133955200378287	0.11140888941898654	0.10181029510802608	0.022093242863842486
0.010942565645999052	0.0023747173775514616	0.0021700985853728	0.0004709472155251696	0.11057593833512121	0.023996803930482338	0.021929106492959774	0.004758978099624067	0.05080338728921865	0.011025173669238681	0.010075183686815726	0.002186481174262117	0.5133743220596446	0.11141070231819783	0.10181093960132605	0.022094654518660422
0.010943938953505478	0.002375152109341442	0.002170474282340151	0.0004710558594920055	0.11058168006209405	0.023999431262349425	0.02193128942809591	0.0047597257776218265	0.05080502726959238	0.011026164180664572	0.010075988688416356	0.0021867817326710233	0.5133531258663024	0.11141251471873537	0.10181158376206378	0.022096066046713592
0.010945312286935094	0.0023755868734652652	0.002170850004284139	0.00047116451675802205	0.11058742112253185	0.02400205851619663	0.02193347227782426	0.004760473476385752	0.05080666715644242	0.011027154677480706	0.010076793674117287	0.002187082300742106	0.5133319314578568	0.11141432662067334	0.10181222759031198	0.0220974774479943
0.01094668564626489	0.0023760216699150027	0.0021712257511981243	0.0004712731873217238	0.11059316151640458	0.024004685691969924	0.02193565504210518	0.004761221195897398	0.050808306949776914	0.011028145159677104	0.010077598643912378	0.0021873828784707977	0.5133107388343623	0.11141613802408563	0.10181287108614322	0.02209888872249481
0.0109488091122341	0.002376743574757966	0.0021718299083236144	0.0004714560941890466	0.11059658418782128	0.024008065001778635	0.02193818221099014	0.004762292691136418	0.050813273375568804	0.011030434430796288	0.010079432906869438	0.00218802128642808	0.513277234915018	0.11142110138632942	0.10181480365791286	0.022101735259846045
0.010950932745388088	0.002377465613279167	0.002172434163517929	0.0004716390503860888	0.11060000574969849	0.02401144419493627	0.021940709212839696	0.004763364262870852	0.05081823975738416	0.011032723911252129	0.010081267298923035	0.0021886598063127686	0.5132437336649045	0.11142606354999382	0.10181673535477655	0.022104581663536457
0.010953056545676708	0.0023781877854716213	0.002173038516773143	0.0004718220559163539	0.11060342620213133	0.024014823271321803	0.021943236047582932	0.004764435911059031	0.05082320609513499	0.011035013600990172	0.010083101820032152	0.0021892984381179097	0.5132102350843549	0.11143102451510495	0.1018186661768577	0.022107427933474182
0.010955180513049716	0.0023789100913283088	0.0021736429680813125	0.0004720051107833339	0.1106068455452148	0.024018202230814235	0.02194576271514889	0.00476550763565929	0.05082817238873296	0.011037303499955856	0.010084936470155698	0.0021899371818365067	0.5131767391737024	0.11143598428168931	0.1018205961242799	0.02211027406956745
0.010957304647456886	0.0023796325308422096	0.002174247517434492	0.0004721882149905233	0.11061026377904412	0.024021581073292577	0.021948289215466668	0.004766579436629949	0.050833138638089845	0.011039593608094632	0.010086771249252616	0.002190576037461578	0.5131432459332796	0.11144094284977314	0.10182252519716659	0.022113120071724442
0.010959428948848039	0.0023803551040062964	0.002174852164824732	0.00047237136854141046	0.11061368090371462	0.024024959798635927	0.021950815548465463	0.0047676513139293325	0.0508381048431175	0.01104188392535195	0.010088606157281807	0.0021912150049861238	0.513109755363419	0.11144590021938304	0.10182445339564146	0.022115965939853387
0.010961553417172872	0.0023810778108135137	0.00217545691024407	0.00047255457143947796	0.11061709691932134	0.02402833840672329	0.02195334171407434	0.004768723267515756	0.05084307100372763	0.011044174451673213	0.010090441194202205	0.0021918540844031316	0.5130762674644528	0.11145085639054558	0.10182638071982808	0.022118811673862586
0.010963678052381154	0.002381800651256809	0.002176061753684527	0.00047273782368820817	0.11062051182595985	0.024031716897433827	0.021955867712222518	0.004769795297347524	0.05084803711983201	0.011046465187003815	0.010092276359972669	0.002192493275705586	0.5130427822367136	0.11145581136328746	0.10182830716985	0.022121657273660267
0.01096580285442263	0.002382523625329112	0.002176666695138135	0.0004729211252910767	0.11062392562372551	0.02403509527064662	0.02195839354283919	0.00477086740338295	0.05085300319134249	0.01104875613128916	0.01009411165455213	0.0021931325788864596	0.5130092996805332	0.11146076513763545	0.10183023274583111	0.0221245027391548
0.01096792782324702	0.0023832467330233476	0.00217727173459691	0.00047310447625155763	0.1106273383127139	0.024038473526240882	0.021960919205853625	0.004771939585580333	0.05085796921817074	0.011051047284474605	0.010095947077899459	0.0021937719939387123	0.5129758197962432	0.11146571771361635	0.10183215744789495	0.02212734807025445
0.010970052958804048	0.002383969974332427	0.0021778768720528575	0.0004732878765731197	0.11063074989302021	0.024041851664095663	0.021963444701194962	0.004773011843897953	0.050862935200228845	0.011053338646505565	0.010097782629973566	0.0021944115208553123	0.5129423425841754	0.11147066909125715	0.10183408127616535	0.022130193266867604
0.010972178261043367	0.0023846933492492383	0.0021784821074979704	0.0004734713262592281	0.1106341603647406	0.02404522968409033	0.02196597002879261	0.004774084178294118	0.0508679011374281	0.011055630217327281	0.010099618310733237	0.0021950511596291853	0.5129088680446612	0.11147561927058487	0.101836004230766	0.022133038328902625
0.010974303729914736	0.002385416857766677	0.00217908744092425	0.00047365482531334496	0.11063756972797033	0.02404860758610397	0.02196849518857577	0.0047751565887271035	0.050872867029680816	0.011057921996885182	0.01010145412013744	0.0021956909102532848	0.5128753961780318	0.11148056825162665	0.10183792631182088	0.022135883256267922
0.01097642936536778	0.0023861404998776112	0.0021796928723236725	0.0004738383737389272	0.11064097798280514	0.02405198537001587	0.02197102018047379	0.004776229075155192	0.05087783287689847	0.01106021398512451	0.010103290058144952	0.0021963307727205263	0.5128419269846182	0.11148551603440963	0.10183984751945374	0.022138728048871927
0.010978555167352229	0.0023868642755749164	0.002180298401688222	0.00047402197153943054	0.11064438512934115	0.024055363035705362	0.02197354500441605	0.004777301637536656	0.05088279867899305	0.011062506181990615	0.01010512612471466	0.0021969707470238355	0.5128084604647513	0.1114904626189612	0.10184176785378844	0.02214157270662305
0.010980681135817662	0.002387588184851431	0.002180904029009856	0.00047420561871830327	0.11064779116767379	0.024058740583051675	0.021976069660331873	0.004778374275829772	0.05088776443587616	0.011064798587428743	0.010106962319805379	0.002197610833156117	0.5127749966187618	0.11149540800530877	0.10184368731494903	0.022144417229429822
0.010982807270713798	0.0023883122277000043	0.0021815097542805476	0.00047438931527899283	0.11065119609789927	0.02406211801193416	0.02197859414815066	0.004779446989992788	0.05089273014745983	0.011067091201384186	0.010108798643375962	0.0021982510311102745	0.51274153544698	0.11150035219347967	0.10184560590305924	0.022147261617200677
0.01098493357199027	0.0023890364041134725	0.0021821155774922455	0.00047457306122494324	0.1106545999201136	0.0240654953222322	0.02198111846780188	0.004780519779983992	0.05089769581365579	0.011069384023802203	0.01011063509538522	0.0021988913408791983	0.512708076949736	0.11150529518350161	0.10184752361824329	0.022150105869844165
0.010987060039596654	0.002389760714084641	0.002182721498636891	0.0004747568565595903	0.11065800263441265	0.024068872513825106	0.021983642619214927	0.004781592645761605	0.05090266143437583	0.01107167705462802	0.010112471675791983	0.0021995317624557667	0.5126746211273604	0.11151023697540204	0.10184944046062508	0.022152949987268817
0.01098918667348259	0.002390485157606321	0.0021833275177064225	0.00047494070128637064	0.11066140424089266	0.02407224958659232	0.02198616660231929	0.004782665587283904	0.050907627009531733	0.011073970293806837	0.01011430838455502	0.002200172295832851	0.5126411679801828	0.11151517756920891	0.10185135643032871	0.022155793969383213
0.01099104897421589	0.0023911267133568882	0.002183852518824646	0.00047510188591129134	0.1106725313119388	0.024077050941689812	0.02198993807026681	0.00478395906234507	0.05090782268998062	0.011075108030035204	0.010115065183514387	0.002200554526177325	0.5126078151318083	0.11151894993031082	0.10185195888681413	0.022158116142810023
0.010992911332386076	0.002391768356847997	0.002184377577423646	0.0004752631046607514	0.11068365741296383	0.024081852515321803	0.02199370959427543	0.004785252702104185	0.050908018178380185	0.011076245710285709	0.010115821919923737	0.0022009367709810634	0.5125744648761508	0.11152272119281903	0.10185256061665696	0.022160438138818878
0.010994773747934247	0.00239241008806357	0.0021849026934890707	0.00047542435753374453	0.11069478254363528	0.02408665430729336	0.021997481174200324	0.004786546506519352	0.050908213474803225	0.01107738333454076	0.010116578593780748	0.0022013190302343816	0.5125411172137206	0.11152649135684713	0.10185316162004318	0.022162759957360965
0.010996636220801614	0.0023930519069875404	0.002185427867006575	0.0004755856445292654	0.11070590670362049	0.02409145631740939	0.022001252809896617	0.004787840475548629	0.05090840857932325	0.011078520902782912	0.010117335205083235	0.002201701303927622	0.5125077721450279	0.11153026042250867	0.10185376189715883	0.022165081598387464
0.010998498750929309	0.0023936938136038173	0.0021859530979618075	0.00047574696564630346	0.11071702989258778	0.02409625854547497	0.02200502450121957	0.0047891346091501015	0.05090860349201305	0.011079658414994588	0.010118091753828898	0.002202083592051107	0.5124744296705822	0.11153402838991702	0.10185436144818995	0.022167403061849604
0.011000361338258515	0.0023943358078963085	0.0021864783863404127	0.0004759083208838466	0.11072815211020459	0.02410106099129503	0.02200879624802433	0.0047904289072817925	0.05090879821294604	0.01108079587115829	0.010118848240015525	0.002202465894595176	0.512441089790893	0.11153779525918597	0.10185496027332255	0.022169724347698618
0.011002223982730413	0.0023949778898489245	0.0021870037321280334	0.00047606971024087926	0.11073927335613921	0.02410586365467453	0.02201256805016613	0.004791723369901742	0.05090899274219527	0.011081933271256566	0.010119604663640865	0.002202848211550157	0.5124077525064696	0.1115415610304291	0.10185555837274274	0.022172045455885775
0.011004086684286147	0.0023956200594455507	0.0021875291353103026	0.0004762311337163826	0.11075039363005992	0.024110666535418497	0.0220163399075002	0.004793017996967968	0.05090918707983382	0.011083070615271856	0.010120361024702679	0.002203230542906383	0.5123744178178212	0.11154532570376018	0.10185615574663648	0.022174366386362377
0.011005949442866888	0.0023962623166700753	0.0021880545958728502	0.00047639259130933436	0.11076151293163483	0.024115469633331818	0.022020111819881703	0.004794312788438458	0.05090938122593483	0.011084207903186715	0.010121117323198746	0.0022036128886541886	0.5123410857254567	0.11154908927929306	0.10185675239518993	0.02217668713907975
0.011007812258413824	0.00239690466150638	0.002188580113801305	0.0004765540830187097	0.1107726312605326	0.0241202729482195	0.022023883787165927	0.0047956077442712	0.05090957518057143	0.011085345134983665	0.010121873559126845	0.0022039952487839065	0.5123077562298846	0.1115528517571417	0.10185734831858916	0.02217900771398923
0.011009675130868105	0.0023975470939383335	0.002189105689081294	0.0004767156088434819	0.11078374861642169	0.024125076479886435	0.02202765580920808	0.004796902864424163	0.0509097689438168	0.011086482310645239	0.010122629732484765	0.0022043776232858734	0.512274429331613	0.11155661313742005	0.10185794351702036	0.022181328111042217
0.01101153806017095	0.0023981896139498083	0.0021896313216984383	0.0004768771687826205	0.11079486499897095	0.024129880228137588	0.022031427885863434	0.004798198148855299	0.05090996251574408	0.011087619430153978	0.010123385843270294	0.0022047600121504244	0.5122411050311505	0.11156037342024204	0.1018585379906696	0.02218364833019009
0.01101340104626349	0.0023988322215246567	0.0021901570116383516	0.00047703876283509077	0.11080598040784922	0.024134684192777853	0.022035200016987257	0.0047994935975225386	0.05091015589642631	0.011088756493492459	0.01012414189148125	0.002205142415367898	0.5122077833290045	0.11156413260572183	0.10185913173972304	0.02218596837138428
0.011015264089086946	0.0023994749166467307	0.0021906827588866478	0.00047720039099985695	0.11081709484272559	0.024139488373612166	0.02203897220243478	0.004800789210383809	0.050910349085936675	0.01108989350064321	0.010124897877115405	0.002205524832928625	0.5121744642256829	0.11156789069397359	0.10185972476436674	0.022188288234576227
0.011017127188582483	0.002400117699299878	0.0021912085634289333	0.0004773620532758787	0.11082820830326923	0.02414429277044545	0.022042744442061304	0.0048020849873970095	0.0509105420843483	0.011091030451588832	0.010125653800170595	0.002205907264822948	0.5121411477216933	0.11157164768511163	0.10186031706478693	0.022190607919717418
0.011018990344691258	0.002400760569467927	0.00219173442525081	0.00047752374966211276	0.11083932078914906	0.024149097383082546	0.02204651673572207	0.004803380928520024	0.05091073489173426	0.011092167346311901	0.010126409660644632	0.002206289711041205	0.5121078338175425	0.11157540357925028	0.10186090864116981	0.02219292742675936
0.011020853557354516	0.0024014035271347147	0.0021922603443378895	0.00047768548015751666	0.11085043230003516	0.024153902211328446	0.022050289083272473	0.004804677033710745	0.050910927508167704	0.011093304184794999	0.010127165458535349	0.002206672171573735	0.5120745225137378	0.11157915837650374	0.10186149949370162	0.022195246755653576
0.0110227168265134	0.0024020465722840597	0.002192786320675757	0.0004778472447610391	0.11086154283559647	0.024158707254987935	0.0220540614845677	0.004805973302927008	0.05091111993372184	0.01109444096702075	0.010127921193840568	0.002207054646410881	0.5120412138107858	0.11158291207698671	0.10186208962256849	0.022197565906351625
0.011024580152109125	0.002402689704899776	0.0021933123542500132	0.0004780090434716297	0.11087265239550308	0.024163512513865944	0.022057833939463124	0.004807269736126667	0.0509113121684697	0.011095577692971734	0.01012867686655813	0.0022074371355429805	0.5120079077091929	0.11158666468081353	0.10186267902795662	0.022199884878805063
0.011026443534082884	0.002403332924965681	0.0021938384450462443	0.00047817087628823385	0.1108837609794247	0.024168317987767318	0.02206160644781405	0.004808566333267551	0.050911504212484464	0.011096714362630598	0.010129432476685879	0.0022078196389603735	0.5119746042094654	0.11159041618809883	0.10186326771005226	0.022202203672965506
0.01102748957769859	0.002404019605278204	0.0021943583754693878	0.0004783754741698683	0.110887977004292	0.024173849254599863	0.02206558068939993	0.004810350370808171	0.050910084454912526	0.011098522494502428	0.010130589508369852	0.0022084932041467843	0.5119312273701618	0.1116022552985125	0.101869112505521	0.022207714812156987
0.011028535500941499	0.0024047063755104586	0.002194878348018027	0.0004785801302900308	0.11089219143040858	0.024179380816633803	0.022069554920877348	0.004812134795085113	0.05090866451519705	0.011100330603094719	0.010131746455490911	0.0022091668739239725	0.5118878540495009	0.11161409292050768	0.10187495586977496	0.02221322639474487
0.011029581303796557	0.002405393235635984	0.002195398362672219	0.00047878484465047966	0.1108964042579511	0.024184912673576243	0.022073529142066253	0.00481391960605645	0.05090724439349312	0.011102138688331377	0.010132903318021611	0.002209840648269469	0.5118444842485432	0.11162592905364775	0.10188079780283793	0.022218738420450187
0.01103062698624865	0.002406080185628294	0.002195918419412002	0.00047898961725296026	0.11090061548709612	0.024190444825134196	0.022077503352786534	0.0048157048036801845	0.05090582408995548	0.011103946750136297	0.010134060095934485	0.002210514527160774	0.5118011179683496	0.11163776369749655	0.10188663830473393	0.022224250888993928
0.011031672548282793	0.002406767225460927	0.0021964385182174292	0.000479194448099218	0.11090482511802055	0.02419597727101472	0.022081477552858157	0.004817490387914273	0.05090440360473941	0.011105754788433482	0.010135216789202105	0.0022111885105753977	0.5117577552099797	0.11164959685161789	0.10189247737548697	0.022229763800097013
0.011032717989883966	0.0024074543551073882	0.0021969586590685434	0.00047939933719098746	0.1109090331509014	0.02420151001092484	0.02208545174210111	0.004819276358716626	0.050902982937999816	0.011107562803146906	0.010136373397797082	0.0022118625984908304	0.5117143959744928	0.1116614285155762	0.1018983150151213	0.022235277153480344
0.011033763311037129	0.002408141574541178	0.0021974788419453868	0.0004796042845299966	0.11091323958591567	0.024207043044571542	0.022089425920335394	0.0048210627160450775	0.050901562089891654	0.011109370794200536	0.010137529921692008	0.002212536790884543	0.511671040262948	0.11167325868893582	0.10190415122366138	0.022240790948864723
0.01103480851172739	0.002408828883735805	0.002197999066828014	0.0004798092901179713	0.11091744442324086	0.024212576371661833	0.02209340008738109	0.004822849459857441	0.05090014106057008	0.011111178761518419	0.010138686360859546	0.002213211087734014	0.5116276880764032	0.11168508737126143	0.10190998600113185	0.022246305185971
0.011035853591939745	0.0024095162826647445	0.002198519333696454	0.0004800143539566245	0.11092164766305411	0.02421810999190267	0.022097374243058195	0.004824636590111443	0.05089871985018993	0.011112986705024565	0.010139842715272325	0.002213885489016694	0.511584339415917	0.1116969145621183	0.1019158193475573	0.0222518198645199
0.011036898551659267	0.00241020377130148	0.0021990396425307533	0.00048021947604766764	0.11092584930553333	0.024223643905001053	0.02210134838718691	0.004826424106764798	0.05089729845890613	0.011114794624643001	0.010140998984902996	0.002214559994710028	0.5115409942825462	0.11170874026107146	0.10192165126296286	0.022257334984232185
0.011037943390870995	0.0024108913496194624	0.0021995599933109337	0.0004804246563927997	0.11093004935085592	0.02422917811066386	0.02210532251958727	0.004828212009775122	0.05089587688687351	0.011116602520297749	0.010142155169724216	0.0022152346047914426	0.5114976526773481	0.11172056446768656	0.10192748174737354	0.022262850544828502
0.011038988109560123	0.0024115790175921734	0.0022000803860170526	0.00048062989499372024	0.1109342477991999	0.02423471260859809	0.022109296640079493	0.004830000299100005	0.05089445513424721	0.01111841039191296	0.010143311269708761	0.00221590931923837	0.5114543146013788	0.11173238718152938	0.10193331080081455	0.022268366546029487
0.011040032707711712	0.0024122667751930497	0.00220060082062913	0.00048083519185211713	0.11093844465074346	0.02424024739851065	0.02211327074848376	0.004831788974696995	0.05089303320118191	0.01112021823941264	0.01014446728482926	0.0022165841380282158	0.5114109800556942	0.11174420840216591	0.10193913842331127	0.022273882987555737
0.01104107718531091	0.0024129546223955294	0.0022011212971271995	0.0004810405469696722	0.11094263990566453	0.02424578248010843	0.02211724484462027	0.004833578036523561	0.05089161108783249	0.011122026062720902	0.010145623215058481	0.0022172590611383726	0.5113676490413499	0.11175602812916254	0.10194496461488935	0.022279399869127817
0.011042121542342914	0.002413642559173058	0.0022016418154912993	0.0004812459603480622	0.11094683356414144	0.024251317853098284	0.022121218928309268	0.004835367484537127	0.050890188794354016	0.011123833861761905	0.010146779060369194	0.0022179340885462367	0.5113243215594006	0.11176784636208574	0.10195078937557452	0.022284917190466238
0.011043165778792842	0.0024143305854990443	0.0022021623757014484	0.0004814514319889548	0.1109510256263529	0.02425685351718715	0.022125192999371063	0.0048371573186950815	0.05088876632090093	0.011125641636459726	0.010147934820734103	0.0022186092202291737	0.5112809976109011	0.11177966310050243	0.10195661270539266	0.02229043495129147
0.011044209894645914	0.0024150187013469012	0.002202682977737672	0.0004816569618940139	0.11095521609247726	0.024262389472081827	0.022129167057625906	0.0048389475389547295	0.05088734366762831	0.011127449386738516	0.010149090496126015	0.0022192844561645525	0.5112376771969049	0.11179147834397965	0.10196243460436982	0.022295953151323916
0.011045253889887393	0.002415706906690042	0.0022032036215800044	0.0004818625500648942	0.11095940496269345	0.024267925717489203	0.022133141102894174	0.004840738145273347	0.05088592083469094	0.011129257112522458	0.010150246086517751	0.0022199597963297236	0.5111943603184657	0.11180329209208478	0.10196825507253228	0.022301471790283994
0.011046297764502461	0.002416395201501856	0.002203724307208462	0.0004820681965032451	0.11096359223718032	0.024273462253116086	0.022137115134996235	0.004842529137608157	0.050884497822243434	0.011131064813735696	0.010151401591882091	0.002220635240702027	0.5111510469766362	0.11181510434438535	0.10197407410990643	0.022306990867892038
