N <- 9
y <- c(5, 5, 5, 5, 5, 5, -5, -5, -5)
