N <- 1
J <- 1
county <- 
c(1)
x <- 
c(0)
y <- 
c(0.617007250574049)
