0.010865225445984046	0.0023420268070129253	0.0021402577167973203	0.0004613379604109654	0.11033965882173621	0.023783992345292944	0.021734966056253448	0.004685026869099751	0.05074561612121308	0.010938345815750768	0.009995991066821747	0.002154661139572698	0.5153371181619634	0.11108221834736139	0.10151232014296614	0.021881237181763127
0.01086718690662922	0.0023430175638508048	0.0021412962434627556	0.0004616737294525088	0.11034253453132564	0.023790379117248652	0.021742154314282874	0.004687712641000354	0.050746579571447674	0.01094120569222222	0.009999226215446584	0.0021558810802653028	0.5152673140546895	0.11109410165494611	0.10152949180356771	0.021890244880162155
0.010869148114260156	0.0023440084735079354	0.002142335007881713	0.0004620096587863307	0.11034540642353696	0.023796765390481884	0.02174934269502961	0.004690399195452259	0.050747542149652165	0.010944065492347256	0.010002461551565024	0.0021571014017230236	0.515197520967825	0.11110598015445894	0.10154665973271386	0.02189925359077787
0.010871109068795187	0.002344999535874324	0.0021433740099504168	0.00046234574841735556	0.11034827449991272	0.023803151164180726	0.021756531197437413	0.0046930865321435184	0.05074850385637317	0.010946925215855682	0.010005697074813155	0.002158322103849178	0.5151277389054452	0.11111785384590339	0.1015638239288515	0.021908263312197057
0.01087306977015288	0.002345990750839979	0.002144413249565034	0.0004626819983504568	0.11035113876199588	0.023809536437533745	0.021763719820450167	0.00469577465076185	0.050749464692157596	0.010949784862477507	0.010008932784827099	0.0021595431865469653	0.5150579678716207	0.11112972272928484	0.10158098439042909	0.021917274043006203
0.010875030218251841	0.002346982118294867	0.002145452726621664	0.0004630184085904498	0.11035399921132988	0.023815921209729883	0.02177090856301197	0.004698463550994656	0.050750424657552105	0.010952644431942809	0.010012168681243024	0.0021607646497194453	0.5149882078704187	0.11114158680461003	0.10159814111589706	0.02192628578179159
0.010876990413010892	0.002347973638128956	0.002146492441016353	0.00046335497914209875	0.11035685584945885	0.023822305479958613	0.021778097424067083	0.004701153232529049	0.05075138375310369	0.01095550392398184	0.010015404763697135	0.002161986493269558	0.5149184589059016	0.11115344607188764	0.10161529410370743	0.021935298527139258
0.010878950354348884	0.002348965310232155	0.0021475323926450573	0.0004636917100101083	0.11035970867792708	0.02382868924740972	0.021785286402559854	0.004703843695051786	0.0507523419793591	0.01095836333832492	0.01001864103182559	0.0021632087171001104	0.5148487209821287	0.11116530053112803	0.10163244335231403	0.021944312277635054
0.010880910042184907	0.002349957134494393	0.002148572581403701	0.00046402860119913297	0.11036255769827975	0.023835072511273543	0.021792475497434877	0.004706534938249341	0.05075329933686529	0.010961222674702576	0.010021877485264685	0.0021644313211137815	0.5147789941031543	0.11117715018234295	0.10164958886017218	0.02195332703186447
0.01088286947643808	0.002350949110805541	0.0021496130071881154	0.00046436565271376976	0.11036540291206226	0.023841455270740743	0.02179966470763691	0.004709226961807857	0.05075425582616906	0.010964081932845376	0.010025114123650678	0.002165654305213125	0.5147092782730299	0.11118899502554622	0.10166673062573948	0.02196234278841291
0.010884828657027718	0.00235194123905547	0.002150653669894086	0.00046470286455856135	0.11036824432082067	0.023847837525002507	0.02180685403211082	0.004711919765413169	0.0507552114478174	0.010966941112484078	0.010028350946619862	0.0021668776693005683	0.514639573495802	0.11120083506075304	0.10168386864747468	0.021971359545865442
0.010888268592302842	0.0023534779749203277	0.0021519581346488665	0.00046514154476562126	0.11037927450683323	0.023858264446484867	0.02181536721453919	0.004715348984916826	0.05075724620149371	0.010971079560552911	0.010031665542572588	0.002168324899966346	0.5145490271654538	0.11121876652699818	0.10169550422985764	0.02198128447369311
0.01089170848069326	0.0023550152598749703	0.002153263010671564	0.0004655805154576706	0.11039029782541433	0.023868692077264088	0.02182388056619678	0.004718779597726696	0.05075927943374831	0.01097521824593732	0.01003498019128723	0.0021697726784476183	0.5144584969408078	0.11123669101276078	0.10170713382128845	0.02199121034242317
0.010895148321756988	0.0023565530937562566	0.0021545682978166302	0.00046601977669177255	0.11040131427732174	0.023879120415042133	0.021832394085374747	0.004722211603421183	0.05076131114542802	0.010979357167997852	0.010038294892336817	0.0021712210046131017	0.514367982829955	0.11125460851657532	0.1017187574219817	0.022001137149930745
0.010898588115052286	0.002358091476400829	0.002155873995938375	0.00046645932852487507	0.11041232386331541	0.023889549457520958	0.021840907770364515	0.0047256450015779015	0.050763341337380245	0.010983496326095257	0.010041609645294557	0.002172669878331284	0.5142774848409772	0.11127251903698043	0.10173037503215483	0.022011064894090923
0.010902027860137626	0.0023596304076450693	0.002157180104890948	0.00046689917101380474	0.11042332658415878	0.023899979202402645	0.021849421619457857	0.004729079791773673	0.050765370010452476	0.010987635719590313	0.010044924449733818	0.0021741192994704146	0.5141870029819472	0.11129042257251884	0.10174198665202788	0.02202099357277862
0.010905467556571674	0.002361169887325139	0.0021584866245283408	0.0004673393042152696	0.11043432244061809	0.02391040964738928	0.021857935630946956	0.004732515973584516	0.05076739716549233	0.010991775347843902	0.010048239305228078	0.0021755692678984938	0.5140965372609285	0.11130831912173711	0.10175359228182365	0.022030923183868595
0.010908907203913356	0.0023627099152769507	0.0021597935547043993	0.00046777972818585816	0.11044531143346241	0.023920840790183067	0.021866449803124268	0.004735953546585675	0.05076942280334769	0.010995915210217054	0.010051554211351028	0.0021770197834833013	0.5140060876859759	0.111326208683186	0.10176519192176751	0.022040853725235506
0.010912346801721786	0.0023642504913361888	0.0021611008952728103	0.00046822044298203987	0.11045629356346374	0.02393127262848621	0.021874964134282634	0.004739392510351581	0.05077144692486677	0.011000055306070898	0.010054869167676493	0.002178470846092372	0.5139156542651347	0.11134409125542032	0.10177678557208769	0.02205078519475386
0.010915786349556275	0.00236579161533829	0.0021624086460871	0.00046866144866016424	0.11046726883139725	0.023941705160001048	0.021883478622715235	0.004742832864455882	0.05077346953089768	0.0110041956347666	0.010058184173778396	0.0021799224555929956	0.5138252370064416	0.11136196683699871	0.10178837323301484	0.02206071759029801
0.010919225846976414	0.002367333287118466	0.002163716807000658	0.0004691027452764618	0.11047823723804084	0.02395213838242994	0.021891993266715603	0.004746274608471436	0.05077549062228917	0.011008336195665488	0.010061499229230901	0.0021813746118522362	0.5137348359179236	0.111379835426484	0.10179995490478261	0.0220706509097422
0.010921971718419137	0.0023682017226322725	0.0021644674093617873	0.0004693196045167865	0.11048974336191121	0.023957395908799257	0.021896362190014885	0.00474776935837726	0.050778773690946924	0.011010317773049547	0.010063109809747856	0.0021819754345538626	0.513692382473718	0.11138347694361331	0.1018012542942847	0.022073478306053166
0.01092471769504516	0.0023690702880030177	0.0021652181120655925	0.00046953651705499544	0.11050124682139116	0.0239626531265496	0.021900730774216823	0.004749264192545884	0.05078205638496583	0.01101229929262892	0.010064720327055523	0.002182576296200456	0.5136499361661274	0.11138711646139143	0.10180255234903231	0.022076305195725905
0.010927463776670511	0.002369938983167502	0.002165968915059081	0.00046975348287922445	0.11051274761623525	0.023967910035247744	0.021905099019002915	0.004750759110829721	0.05078533870441273	0.011014280754323853	0.01006633078110468	0.0021831771967555143	0.5136074969955964	0.1113907539804102	0.10180384906960693	0.022079131578697783
0.010930209963111144	0.0023708078080624893	0.002166719818289228	0.0004699705019775937	0.11052424574619849	0.023973166634460585	0.021909466924054738	0.00475225411308118	0.050788620649354334	0.011016262158054629	0.010067941171846135	0.002183778136182535	0.5135650649625685	0.11139438950126193	0.10180514445659027	0.02208195745490636
0.010932956254183106	0.0023716767626247416	0.002167470821703018	0.00047018757433821734	0.1105357412110364	0.023978422923755186	0.021913834489054054	0.004753749199152667	0.05079190221985756	0.01101824350374161	0.010069551499230778	0.00218437911444503	0.5135226400674859	0.11139802302453874	0.10180643851056376	0.022084782824289217
0.010935702649702405	0.0023725458467909804	0.0021682219252473984	0.00047040469994919334	0.1105472340105055	0.023983678902698854	0.0219182017136828	0.004755244368896612	0.050795183415989056	0.011020224791305065	0.010071161763209394	0.002184980131506485	0.5134802223107904	0.11140165455083292	0.10180773123210889	0.022087607686784142
0.010938449149485094	0.002373415060497929	0.00216897312886932	0.0004706218787986125	0.11055872414436226	0.023988934570858926	0.021922568597622955	0.004756739622165411	0.05079846423781583	0.011022206020665455	0.01007277196373292	0.0021855811873304157	0.5134378116929221	0.11140528408073676	0.10180902262180705	0.022090432042328922
0.01094119575334723	0.0023742844036822737	0.0021697244325157147	0.00047083911087455186	0.11057021161236442	0.023994189927803035	0.021926935140556787	0.004758234958811503	0.05080174468540453	0.01102418719174312	0.010074382100752234	0.0021861822818803173	0.5133954082143203	0.11140891161484281	0.10181031268023957	0.02209325589086158
0.01094394246110489	0.0023751538762806943	0.0021704758361335073	0.00047105639616508096	0.11058169641426983	0.023999444973098943	0.02193130134216662	0.004759730378687322	0.050805024758822113	0.011026168304458558	0.010075992174218269	0.0021867834151196998	0.5133530118754231	0.11141253715374354	0.10181160140798771	0.022096079232320195
0.010946689272574169	0.0023760234782298413	0.0021712273396695997	0.0004712737346582556	0.11059317854983716	0.024004699706314567	0.021935667202134978	0.0047612258816452915	0.05080830445813527	0.011028149358732186	0.01007760218408197	0.00218738458701207	0.5133106226766675	0.11141616069803147	0.10181288880563272	0.022098902066642948
0.010950936547493611	0.002377467492678086	0.0021724358086340706	0.00047163961662616407	0.11060002329413662	0.024011458648386653	0.021940721690597034	0.004763369083462571	0.05081823747586758	0.011032728306851779	0.010081270980381328	0.0021886615758193928	0.5132436138427182	0.11142608693271662	0.10181675333694366	0.022104595366686627
0.010955184491033446	0.0023789120418735788	0.002173644669886213	0.0004720056959496115	0.11060686360019487	0.024018217123384124	0.0219457755105971	0.004765512591152057	0.0508281703173996	0.01103730809220325	0.010084940292964617	0.0021899390123594695	0.5131766156878061	0.11143600837273417	0.10182061436875167	0.02211028813170989
0.010959433102791974	0.00238035712576019	0.002174853923362497	0.00047237197265655786	0.11061369946877309	0.024024975130338907	0.021950828661567827	0.004767656404380329	0.050838102982025624	0.011041888714350223	0.010088610121503258	0.002191216896576415	0.5131096282145952	0.11144592501829488	0.10182447190204509	0.022115980360978154
0.010963682382367222	0.0023818027442816018	0.002176063568999249	0.0004727384467749012	0.1106205309006334	0.024031732668283293	0.021955881142942203	0.004769800522813874	0.05084803546903967	0.011046470172856053	0.010092280465668525	0.0021924952284141943	0.5130426514257449	0.11145583686961091	0.10182832593781271	0.022121672053757254
0.010967932329357073	0.0023832488973813144	0.002177273606732681	0.00047310511833247894	0.11062735789653882	0.024038489736249988	0.021960932954153575	0.004771944946119077	0.05085796777773608	0.011051052467283868	0.010095951325131565	0.002193774007816627	0.5129756853239134	0.11146574392689623	0.10183217647704397	0.022127363209313397
0.010972182943359271	0.0023846955850026583	0.0021784840364988825	0.0004734719873570695	0.11063418045725361	0.024045246333272083	0.021965984094635765	0.004774089673962277	0.050867899907409135	0.01105563559719657	0.01009962269956342	0.002195053234727395	0.5129087299117544	0.11147564619036551	0.10183602352072876	0.022133053826913118
0.01097643422397137	0.0023861428070887742	0.0021796948582338224	0.0004738390538763895	0.11064099858354262	0.02405200245838305	0.02197103456382287	0.004776234706009703	0.05087783185735344	0.011060219562156831	0.010103294588635018	0.002196332909090026	0.5128417851919195	0.11148554366023555	0.10183986706985769	0.022138743905823405
0.01098068617079071	0.002387590563582611	0.0021809060718733313	0.0004742063179180929	0.11064781227617199	0.02405875811061677	0.021976084361149475	0.004778380041927523	0.050887763626863106	0.011064804361727038	0.010106966992017128	0.0021976130308479025	0.5127748511670569	0.1114954363367241	0.10184370712542175	0.022144433445311563
0.010984938783414491	0.0023890388544269498	0.0021821176773531266	0.0004745737795097736	0.11065462153590913	0.024065513289007575	0.021981133486050526	0.004780525681381812	0.05089769521523267	0.011069389995469345	0.01011063990938038	0.00219889359994425	0.5127079278398118	0.11150532422005047	0.10184754368841256	0.0221501224446453
0.010989192061439744	0.002390487679564393	0.002183329674608806	0.000474941438678968	0.11066142636352187	0.02407226799259013	0.02198618193796132	0.004782671624038565	0.05090762662175673	0.011073976462945733	0.010114313340395354	0.0022001746163221748	0.5126410152128259	0.11151520731043531	0.10185137675982218	0.02215581090309267
0.010992916906216186	0.0023917709479581756	0.002184379789017067	0.0004752638597426041	0.11068368088877298	0.02408187150156147	0.021993725375176205	0.004785258893385336	0.05090801765122888	0.011076251978899186	0.010115826927918169	0.0022009391290028065	0.5125743083896491	0.11152275141667556	0.10185258099991794	0.022160455344878226
0.010996641980556544	0.002393054567297238	0.002185430133322207	0.000475586417317465	0.11070593153249525	0.02409147588410666	0.022001269036165852	0.004787846821459154	0.05090840791271736	0.011078527270849046	0.010117340265203436	0.0022017036994888134	0.5125076119399492	0.11153029112851262	0.10185378233382142	0.02216509907673779
0.011000367283990045	0.0023943385374529157	0.0021864807074094043	0.0004759091113954838	0.11072817829202954	0.024101081138665312	0.022008812919771477	0.004790435407924522	0.05090879740680742	0.011080802338655112	0.010118853352233139	0.0022024683277028258	0.5124409258678061	0.11153782644685473	0.10185498076302102	0.02216974209828094
0.011004092816045965	0.002395622858296441	0.0021875315111637888	0.00047623194196854887	0.1107504211647194	0.024110687263677065	0.02201635702483452	0.004793024652445706	0.05090918613408426	0.01108307718217733	0.01012036618898933	0.0022032330135674863	0.5123742501772962	0.11154535737261116	0.10185617628900522	0.022174384409117617
0.011007818576253567	0.002396907529698919	0.00218858254447041	0.0004765549090284994	0.1107726601479103	0.02412029425758129	0.02202390135019655	0.004795614554686706	0.05090957409513293	0.01108535180127575	0.01012187877545415	0.0022039977570054445	0.512307584872492	0.11155288390669221	0.10185736891326301	0.022179026008858238
0.011011544564142207	0.0023981925515313496	0.0021896338072142714	0.00047687801256712835	0.11079489523894977	0.024129902118817242	0.02203144589469918	0.004798205114311265	0.05090996129053889	0.011087626195810673	0.010123391111609932	0.0022047625579393786	0.5122409299574623	0.11156040605000941	0.1018585586372833	0.022183666897113558
0.011015270779241181	0.002399477923664604	0.0021906852992802954	0.0004772012525761776	0.11081712643518768	0.024139510845824125	0.022038990657184284	0.0048007963309828995	0.050910347720887004	0.011089900365642414	0.010124903197438985	0.002205527416291951	0.5121742854362726	0.11156792380347548	0.10185974546255554	0.022188307073494826
0.011018997221079883	0.0024007636459694474	0.0021917370205533516	0.0004775246290473433	0.11083935373397609	0.024149120437040948	0.022046535636493805	0.0048033882043648545	0.05091073338676249	0.011092174310631525	0.010126415032923799	0.0022062923319858523	0.5121076513129839	0.11157543716800401	0.101860929390569	0.02219294653761362
0.011022723889187732	0.002402049718316529	0.00219278897091825	0.00047784814197227525	0.11086157713266914	0.024158730890906612	0.022054080831469824	0.004805980734120137	0.05091111828875055	0.011094448030638674	0.010127926618046963	0.0022070573049437856	0.512041027591654	0.11158294614450995	0.10186211042281357	0.022197585289082004
0.011026450783094164	0.002403336140576377	0.0021938411502597267	0.00047817179134257323	0.1108837966286234	0.024168342205859904	0.022061626240954643	0.004808573919911509	0.0509115024274361	0.011096721525524638	0.010129437952791108	0.002207822335088455	0.5119744142763368	0.1115904507339091	0.1018632885607791	0.022202223327512406
0.011028542850570372	0.002404709672263097	0.0021948811111389623	0.0004785810699507299	0.11089222763873983	0.02417940574696028	0.022069575202657368	0.004812142607744709	0.050908662411178335	0.011100337964938504	0.01013175203956039	0.0022091696479414964	0.5118876589024796	0.11161412900628524	0.10187497739033492	0.02221324673725623
0.011030634436440334	0.0024060835635785374	0.0021959212404651556	0.0004789905815518304	0.11090065225380201	0.02419047046799984	0.022077524123277195	0.004815712842594051	0.050905821666851064	0.01110395431095411	0.010134065787936986	0.0022105173791297774	0.5118009176080853	0.11163780132293281	0.10188666049455572	0.022224271919845086
0.011032725540583679	0.0024074578143108713	0.0021969615380786666	0.00047940032615984945	0.11090907047522443	0.024201536366634583	0.022085473001373476	0.00481928462412339	0.05090298019569462	0.011107570562962929	0.010136379197701384	0.0022118655284733327	0.5117141904016376	0.11166146768036148	0.1018983378736335	0.0222352988730462
0.01103481616288034	0.0024088324242481337	0.002198002003819831	0.00047981030378865526	0.11091748230442341	0.024212603440520158	0.022093421835505854	0.004822857951995706	0.05090013799894926	0.011111186720356698	0.01013869226863436	0.0022132140957920148	0.5116274772916115	0.11168512807508509	0.10191000952776288	0.02224632759462614
0.01103690630321059	0.0024102073931782254	0.0021990426375289546	0.0004802205144520113	0.11092588774281784	0.024223671687311984	0.022101370624234486	0.004826432825873163	0.050897295077855155	0.011114802782527484	0.01014100500051699	0.0022145630809055046	0.511540778286474	0.11170878250362178	0.1019216754571409	0.022257358082350808
0.011038995961454945	0.0024115827208888835	0.002200083439046311	0.00048063095816357	0.11093428679182916	0.024234741104665343	0.02210931936612007	0.004830009245417069	0.05089445143365165	0.011118418748867445	0.010143317393130534	0.0022159124836332684	0.5114540933946853	0.11173243096249366	0.1019333356619676	0.02226839033398543
0.011041085137494303	0.0024129584071677086	0.0022011244082121503	0.00048104163493688094	0.11094267945288067	0.024245811690235097	0.022117268059723652	0.004833587210287872	0.05089160706757833	0.011122034618769107	0.01014562944625663	0.0022172623037946242	0.5113674226246959	0.11175607344822708	0.10194499014244529	0.02227942434729454
0.011043173831209832	0.0024143344518021592	0.002202165544866697	0.00048145254478538477	0.11095106572739867	0.02425688344167607	0.02212521670360682	0.0048371667201451965	0.05088876198087422	0.011125650391625169	0.010147941159677116	0.002218612541208678	0.5112807659849501	0.11177970995735267	0.10195663889877926	0.022290460120042068
0.01104526204248301	0.0024157108545795466	0.002203206848850141	0.00048186368772241603	0.11095944561681148	0.024267956356642754	0.022133165296331622	0.004840747774647821	0.050885916174777966	0.011129266066828594	0.010150252533174106	0.002219963195694365	0.5111941234838828	0.11180334048640497	0.10196828193117702	0.022301497649991203
0.011047349771195633	0.0024170876152870406	0.0022042483200026544	0.00048227506376120275	0.11096781912254998	0.024279030432789422	0.02214111383646059	0.004844330373453668	0.05088306965052812	0.01113288164377261	0.010152563566530033	0.0022213142670704355	0.5111074951299222	0.11182696503192295	0.10197991923984906	0.02231253693490454
0.011050199027670009	0.00241851356412269	0.002205143435642937	0.00048263106362013544	0.11097771755411605	0.024289256197822556	0.022146369016006397	0.00484708861145026	0.05088450493651775	0.011136891298019006	0.01015435394020793	0.0022224434761582645	0.5110357019439675	0.11184837248701145	0.10198069923438617	0.02232011421328086
0.011053048188908286	0.002419939979740934	0.0022060386752902313	0.000482987235371571	0.11098761104454555	0.02429948305953784	0.022151623539290833	0.004849847616940042	0.05088593923164943	0.011140901283404137	0.01015614408395832	0.002223572962745549	0.5109639200475171	0.11186977539543931	0.10198147606321645	0.022327691592444437
0.011055897254656135	0.002421366862024189	0.002206934038849416	0.00048334357902002643	0.11099749959435966	0.0243097110161852	0.02215687740574846	0.004852607389564642	0.050887372536495314	0.01114491159941428	0.010157933997722877	0.0022247027267150617	0.5108921494453007	0.11189117375472896	0.10198224972802951	0.022335269071185517
0.011058746224659318	0.0024227942108546946	0.0022078295262253616	0.0004837000945699572	0.11100738320408114	0.024319940066014303	0.02216213061481421	0.004855367928965347	0.05088880485162768	0.011148922245535672	0.010159723681443392	0.002225832767949488	0.5108203901420445	0.11191256756240549	0.10198302023051505	0.022342846648294525
0.01106159509866382	0.0024242220261145473	0.002208725137322926	0.0004840567820257588	0.11101726187423427	0.024330170207274612	0.022167383165923597	0.0048581292347831566	0.05089023617761885	0.01115293322125461	0.010161513135061763	0.002226963086331431	0.5107486421424693	0.1119339568159961	0.10198378757236307	0.02235042432256209
0.011064443876415688	0.002425650307685652	0.0022096208720469614	0.00048441364139176554	0.11102713560534513	0.024340401438215382	0.02217263505851255	0.0048608913066587435	0.05089166651504106	0.011156944526057354	0.01016330235852003	0.002228093681743414	0.5106769054512923	0.111955341513031	0.10198455175526386	0.0223580020927791
0.01106729255766122	0.0024270790554497693	0.002210516730302318	0.00048477067267225447	0.11103700439794133	0.02435063375708561	0.022177886292017442	0.004863654144232466	0.050893095864467	0.011160956159430219	0.010165091351760379	0.0022292245540678907	0.5106051800732253	0.11197672165104244	0.10198531278090779	0.022365579957736584
0.011070141142146703	0.0024285082692884746	0.0022114127119938127	0.00048512787587143627	0.11104686825255192	0.02436086716213399	0.02218313686587511	0.00486641774714437	0.05089452422646893	0.011164968120859431	0.010166880114725	0.0022303557031872067	0.5105334660129764	0.11199809722756554	0.10198607065098568	0.02237315791622589
0.011072989629618724	0.002429937949083194	0.002212308817026279	0.00048548525099346756	0.11105672716970755	0.024371101651609075	0.022188386779522874	0.004869182115034188	0.05089595160161968	0.011168980409831353	0.010168668647356358	0.0022314871289836587	0.5104617632752487	0.11201946824013773	0.10198682536718852	0.0223807359670385
0.011075838019823894	0.002431368094715171	0.002213205045304521	0.00048584279804243774	0.11106658114994082	0.02438133722375918	0.022193636032398503	0.004871947247541336	0.05089737799049166	0.011172993025832205	0.01017045694959689	0.00223261883133943	0.5103900718647414	0.11204083468629909	0.10198757693120745	0.022388314108966127
0.011079542640693711	0.002432617023117686	0.002214692764613717	0.0004862564723914972	0.11107211838892611	0.02438692053896253	0.02220223568099116	0.004874708119311712	0.05090422768071964	0.011176498418803308	0.010175259790839206	0.002234073281231628	0.5103135198634636	0.11204409746910284	0.10200670702553555	0.0223965248412961
0.011083247473836802	0.002433866250948526	0.00221618109044497	0.00048667038922997646	0.11107765033677729	0.02439250274141483	0.02221083566242931	0.004877469663269796	0.050911076282573485	0.01118000393441779	0.01018006363369434	0.002235528293403681	0.5102369808969908	0.11204735531914899	0.10202583235454804	0.02240473567687142
0.011086952518838102	0.002435115778072062	0.0022176700227222487	0.0004870845485910242	0.11108317699507979	0.024398083830473403	0.022219435975049606	0.004880231878937961	0.050917923795914345	0.011183509572303635	0.0101848684775723	0.0022369838677656967	0.5101604549702078	0.11205060823842741	0.10204495291591084	0.022412946614133834
0.011090657775282614	0.002436365604352596	0.0022191595613692884	0.00048749895050769913	0.11108869836542073	0.024403663805496415	0.02222803661718886	0.004882994765838314	0.05092477022060379	0.011187015332088981	0.01018967432188279	0.002238440004227565	0.5100839420879938	0.11205385622892884	0.10206406870729225	0.022421157651525362
0.011094363242755293	0.002437615729654316	0.0022206497063095563	0.0004879135950129636	0.11109421444938816	0.024409242665842615	0.022236637587184	0.004885758323492608	0.05093161555650355	0.011190521213401916	0.010194481166035097	0.002239896702698935	0.5100074422552241	0.11205709929264493	0.1020831797263637	0.02242936878748828
0.011098068920841257	0.002438866153841357	0.0022221404574662945	0.0004883284821396916	0.11109972524857183	0.024414820410871688	0.02224523888337207	0.004888522551422337	0.05093845980347595	0.011194027215870704	0.010199289009438247	0.0022413539630892405	0.5099309554767673	0.11206033743156825	0.10210228597079876	0.022437580020465087
0.011101774809125584	0.0024401168767777407	0.0022236318147624778	0.0004887436119206602	0.11110523076456245	0.02442039703994391	0.022253840504090263	0.004891287449148658	0.05094530296138348	0.011197533339123655	0.01020409785150092	0.0022428117853076886	0.5098544817574878	0.11206357064769215	0.10212138743827404	0.022445791348898545
0.011105480907193448	0.0024413678983274166	0.002225123778120845	0.0004891589843885562	0.11111073099895225	0.024425972552420325	0.022262442447675886	0.004894053016192436	0.05095214503008913	0.011201039582789098	0.010208907691631425	0.0022442701692632484	0.5097780211022445	0.11206679894301112	0.10214048412646877	0.022454002771231666
0.011109187214630058	0.0024426192183542544	0.0022266163474638895	0.0004895745995759748	0.11111622595333456	0.024431546947662735	0.022271044712466395	0.004896819252074228	0.050958986009456274	0.011204545946495566	0.010213718529237834	0.002245729114864689	0.5097015735158908	0.11207002231952023	0.10215957603306473	0.022462214285907722
0.011112893731020696	0.0024438708367220357	0.002228109522713855	0.0004899904575154177	0.11112171562930429	0.024437120225033703	0.022279647296799387	0.004899586156314298	0.050965825899348643	0.011208052429871544	0.010218530363727786	0.0022471886220205286	0.5096251390032754	0.11207324077921565	0.10217866315574646	0.02247042589137021
0.011117950860362403	0.0024457838897330446	0.0022295797429957493	0.0004904743944979436	0.11114787437339192	0.024450879837011	0.022289453541610018	0.004903348383862703	0.050967373386286846	0.011212064371916627	0.010220932317743823	0.002248453147055446	0.5095287149071027	0.1120887417050116	0.10218024126025879	0.022478133881159323
0.011123008662993735	0.0024476978762663945	0.002231050496527686	0.0004909586720329047	0.11117402650716901	0.02446464233035495	0.022299260438860737	0.0049071122815991805	0.05096891898400375	0.011216076381186768	0.010223333942467234	0.002249717997846467	0.5094323057592833	0.11210423462646833	0.10218181367536462	0.022485841367574873
0.011128067137987599	0.0024496127962344554	0.0022325217831465328	0.0004914432902007901	0.11120017202567219	0.024478407701880533	0.02230906798625316	0.004910877849095438	0.05097046269355334	0.01122008845704165	0.010225735237700399	0.0022509831742178327	0.5093359115710931	0.11211971954295022	0.10218338040391224	0.022493548349060602
0.011133126284416641	0.0024515286495490935	0.0022339936026888954	0.0004919282490819418	0.11122631092394299	0.024492175948401116	0.022318876181488916	0.004914645085922148	0.05097200451598984	0.01122410059884114	0.01022813620324594	0.0022522486759936704	0.5092395323537986	0.1121351964538265	0.10218494144875154	0.02250125482406107
0.01113818610135352	0.002453445436121719	0.0022354659549911594	0.0004924135487565653	0.1112524431970286	0.024505947066728522	0.02232868502226973	0.004918413991648952	0.05097354445236831	0.011228112805945411	0.010230536838906889	0.002253514502998028	0.5091431681186563	0.11215066535847097	0.10218649681273372	0.0225089607910216
0.011143246587870644	0.002455363155863238	0.002236938839889445	0.000492899189304717	0.11127856883998098	0.02451972105367287	0.022338494506297317	0.004922184565844457	0.05097508250374391	0.011232125077714778	0.010232937144486464	0.002254780655054825	0.5090468188769139	0.11216612625626217	0.10218804649871172	0.02251666624838839
0.01114830774304043	0.002457281808684106	0.002238412257219658	0.0004933851708063175	0.11130468784785796	0.024533497906042905	0.022348304631273557	0.004925956808076255	0.0509766186711726	0.011236137413509933	0.01023533711978832	0.0022560471319879143	0.5089504846398083	0.11218157914658361	0.1021895905095397	0.022524371194608414
0.011153369565935035	0.0024592013944942696	0.0022398862068174386	0.000493871493341137	0.11133080021572211	0.024547277620645614	0.022358115394900235	0.0049297307179109	0.05097815295571045	0.011240149812691638	0.010237736764616284	0.002257313933621005	0.5088541654185675	0.1121970240288233	0.10219112884807349	0.022532075628129495
0.011158432055626619	0.0024611219132032237	0.0022413606885182064	0.0004943581569888094	0.11135690593864181	0.02456106019428652	0.022367926794879364	0.004933506294913915	0.05097968535841425	0.01124416227462103	0.010240136078774572	0.0022585810597777383	0.5087578612244095	0.11221246090237408	0.10219266151717026	0.022539779547400197
0.011163495211187103	0.0024630433647199602	0.002242835702157124	0.0004948451618288197	0.11138300501169013	0.024574845623769524	0.022377738828912874	0.004937283538649808	0.05098121588034103	0.011248174798659409	0.01024253506206768	0.002259848510281635	0.5086615720685427	0.11222788976663353	0.10219418851968869	0.022547482950869974
0.011164964624244524	0.002463546514375274	0.002243541819592208	0.0004950369137318727	0.1113917220290674	0.024578554233756655	0.02238358966099399	0.004938933184687937	0.050980039959719524	0.01124873243868225	0.010244175012050417	0.002260374528082732	0.5086226988926151	0.11222746503541495	0.10220509726305123	0.022551527889933906
0.01116643384394079	0.002464049640634261	0.0022442479933803133	0.0004952286951114309	0.11140043662823484	0.024582262311906394	0.022389440519568312	0.004940582968319868	0.05097886409070093	0.011249289925341414	0.010245814826767174	0.002260900543068196	0.5085838323931094	0.11222703926380607	0.10221600389754278	0.022555572458567815
0.01116790287023937	0.002464552743468046	0.002244954223461142	0.0004954205059515117	0.11140914880935925	0.02458596985806886	0.022395291404107717	0.004942232889385525	0.050977688273467985	0.011249847258686036	0.010247454506143505	0.002261426555202358	0.5085449725705027	0.11222661245249982	0.1022269084229249	0.02255961665653133
0.011169371703103774	0.0024650558228477655	0.0022456605097743868	0.000495612346236124	0.11141785857260773	0.024589676872094332	0.022401142314084216	0.004943882947724809	0.05097651250820303	0.011250404438765267	0.010249094050104967	0.0022619525644495334	0.5085061194252716	0.11222618460218874	0.10223781083895951	0.02256366048358414
0.011170840342497546	0.0024655588787445733	0.002246366852259745	0.0004958042159492738	0.1114265659181479	0.024593383353833157	0.02240699324896988	0.004945533143177633	0.05097533679508857	0.011250961465628267	0.01025073345857719	0.00226247857077406	0.5084672729578914	0.11222575571356533	0.10224871114540919	0.022567703939486164
0.011172308788384292	0.002466061911129631	0.0022470732508569117	0.0004959961150749622	0.11143527084614746	0.024597089303135915	0.022412844208236877	0.00494718347558388	0.050974161134306875	0.011251518339324184	0.010252372731485859	0.002263004574140282	0.5084284331688368	0.11222532578732185	0.10225960934203694	0.02257174702399741
0.011173777040727643	0.0024665649199741187	0.0022477797055055707	0.0004961880435971844	0.11144397335677497	0.024600794719853356	0.02241869519135754	0.00494883394478345	0.050972985526039995	0.011252075059902139	0.010254011868756649	0.00226353057451255	0.5083896000585805	0.1122248948241504	0.10227050542860604	0.022575789736877995
0.01117524509949134	0.002467067905249228	0.0022484862161454115	0.0004963800014999327	0.11145267345019882	0.024604499603836323	0.022424546197804145	0.004950484550616198	0.050971809970470225	0.011252631627411337	0.010255650870315346	0.00226405657185523	0.508350773627595	0.1122244628247429	0.10228139940488025	0.022579832077888228
0.01117671296463906	0.0024675708669261586	0.002249192782716118	0.0004965719887671916	0.11146137112658822	0.02460820395493583	0.022430397227049224	0.004952135292922	0.050970634467779406	0.011253188041900878	0.010257289736087735	0.002264582566132688	0.5083119538763518	0.11222402978979111	0.1022922912706241	0.02258387404678854
0.011178180636134648	0.0024680738049761334	0.0022498994051573778	0.0004967640053829437	0.11147006638611245	0.02461190777300306	0.022436248278565298	0.004953786171540698	0.050969459018149595	0.011253744303419955	0.010258928465999677	0.0022651085573093073	0.5082731408053206	0.11222359571998655	0.10230318102560214	0.022587915643339437
0.011180529417856423	0.0024690653965720234	0.0022511126619100936	0.0004971271189028349	0.11147775391359256	0.02461832122511372	0.02244517893360178	0.004956707554144483	0.05096950217086474	0.011255910108299032	0.010262312938852382	0.0022662899777935344	0.508201839800834	0.1122293524958187	0.10232248882191121	0.02259650746393244
0.0111828779184707	0.0024700570922289054	0.002252326235218396	0.0004974903984354003	0.11148543653949734	0.024624733920217884	0.02245411023829048	0.0049596297704521345	0.05096954455830047	0.011258075599301925	0.010265697546083245	0.002267471684413008	0.5081305516101505	0.11223510458875505	0.10234179257355679	0.022605099726627748
0.011185226137823622	0.0024710488918201555	0.0022535401249402075	0.0004978538439714794	0.11149311426496933	0.024631145857515684	0.02246304219107543	0.004962552820051141	0.05096958618115895	0.011260240776320268	0.010269082287252628	0.0022686536770246332	0.5080592762373857	0.11224085200029944	0.10236109227844412	0.02261369242994724
0.011187574075761507	0.002472040795219163	0.0022547543309333457	0.000498217455501846	0.11150078709115233	0.024637557036207867	0.022471974790400653	0.004965476702528626	0.050969627040142323	0.011262405639245894	0.010272467161920956	0.0022698359554852196	0.50798801368665	0.11224659473195686	0.1023803879344806	0.02262228557241287
0.011189921732130747	0.0024730328022992878	0.002255968853055496	0.000498581233017203	0.1115084550191914	0.024643967455495783	0.02248090803471013	0.004968401417471344	0.05096966713595201	0.01126457018797069	0.010275852169648632	0.002271018519651469	0.5079167639620499	0.11225233278523328	0.10239967953957593	0.022630879152546666
0.01119226910677811	0.0024740249129339463	0.0022571836911642784	0.0004989451765081954	0.11151611805023304	0.02465037711458139	0.02248984192244786	0.004971326964465689	0.05096970646929032	0.011266734422386937	0.010279237309996305	0.0022722013693800254	0.5078455270676858	0.11225806616163546	0.10241896709164192	0.022639473168870765
0.0111946161995504	0.0024750171269965174	0.002258398845117172	0.0004993092859653952	0.11152377618542507	0.024656786012667332	0.022498776452057848	0.004974253343097689	0.050969745040858626	0.011268898342386889	0.010282622582524527	0.0022733845045274067	0.5077743030076539	0.1122637948626713	0.10243825058859263	0.022648067619907362
0.011196963010294608	0.002476009444360391	0.0022596143147715435	0.0004996735613793063	0.11153142942591626	0.02466319414895671	0.02250771162198395	0.004977180552952992	0.050969782851358496	0.01127106194786306	0.010286007986793948	0.0022745679249500422	0.5077030917860459	0.11226951888984966	0.10245753002834422	0.022656662504178752
0.01119930953885807	0.0024770018648989827	0.0022608300999846865	0.0005000380027403756	0.11153907777285714	0.02466960152265341	0.022516647430670174	0.0049801085936169096	0.05096981990149176	0.011273225238708212	0.010289393522365388	0.002275751630504299	0.5076318934069476	0.11227523824468037	0.10247680540881517	0.02266525782020733
0.011201655785088083	0.002477994388485683	0.002262046200613754	0.0005004026100389734	0.11154672122739923	0.024676008132961797	0.02252558387656043	0.004983037464674367	0.05096985619195954	0.011275388214815128	0.010292779188799612	0.0022769356210464112	0.5075607078744412	0.11228095292867422	0.10249607672792624	0.022673853566515568
0.01120555810630357	0.0024790838297890218	0.0022634612975174035	0.000500761340827111	0.11156979324441765	0.02468336406818927	0.022536486499382617	0.00498590420315157	0.050970025907510264	0.011276454580174315	0.010295665765207128	0.0022777819965146824	0.5074905862086896	0.11227568445094917	0.10251031584866857	0.022679072652708014
0.011209460588723696	0.0024801734265062713	0.0022648768848553985	0.0005011202296190281	0.11159286038435261	0.0246907194795364	0.022547390929200214	0.00498877170556323	0.05097019469704115	0.011277520575666333	0.010298552269503257	0.0022786284378395814	0.5074204753716707	0.11227041382776196	0.102524550264955	0.022684290927205083
0.01121336323177906	0.0024812631784793026	0.002266292962492071	0.0005014792763995917	0.11161592264421967	0.024698074365790183	0.022558297164027744	0.004991639971464269	0.050970362561327205	0.011278586201393919	0.010301438701373303	0.0022794749449156918	0.5073503753690783	0.11226514106162784	0.1025387799762044	0.022689508389427317
0.011217266034900286	0.0024823530855499557	0.002267709530291537	0.0005018384811536016	0.1116389800210377	0.024705428725738204	0.022569205201879133	0.004994509000409283	0.05097052950114296	0.0112796514574598	0.010304325060502622	0.002280321517637592	0.507280286206602	0.11225986615506153	0.10255300498183785	0.022694725038795816
0.011221168997518087	0.002483443147560044	0.0022691265881177054	0.0005021978438657892	0.11166203251182856	0.024712782558168635	0.022580115040767647	0.0049973787919525125	0.05097069551726307	0.011280716343966853	0.01030721134657674	0.002281168155899871	0.507210207889926	0.11225458911057744	0.10256722528127883	0.022699940874732278
0.011225072119063335	0.002484533364351363	0.0022705441358342967	0.0005025573645208238	0.1116850801136172	0.024720135861870208	0.022591026678705876	0.005000249345647863	0.05097086061046226	0.011281780861018064	0.010310097559281391	0.0022820148595971493	0.5071401404247295	0.11224930993068896	0.10258144087395282	0.02270515589665891
0.011228975398966968	0.0024856237357656795	0.0022719621733048273	0.0005029170431033081	0.11170812282343162	0.02472748863563222	0.02260194011370571	0.005003120661048891	0.05097102478151538	0.011282845008716541	0.010312983698302476	0.0022828616286240527	0.507070083816687	0.11224402861790947	0.10259565175928738	0.022710370103998546
0.011232878836660038	0.0024867142616447346	0.0022733807003926013	0.000503276879597778	0.11173116063830331	0.024734840878244648	0.022612855343778486	0.00500599273770883	0.0509711880311969	0.011283908787165429	0.010315869763325965	0.002283708462875212	0.5070000380714678	0.11223874517475134	0.10260985793671232	0.02271558349617453
0.011236782431573656	0.002487804941830243	0.002274799716960728	0.0005036368739887033	0.11175419355526638	0.024742192588497903	0.022623772366934785	0.0050088655751805424	0.050971350360281546	0.011284972196468028	0.010318755754038065	0.00228455536224528	0.506930003194737	0.11223345960372666	0.10262405940565973	0.022720796072610783
