0.010865225445984046	0.0023420268070129253	0.0021402577167973203	0.0004613379604109654	0.11033965882173621	0.023783992345292944	0.021734966056253448	0.004685026869099751	0.05074561612121308	0.010938345815750768	0.009995991066821747	0.002154661139572698	0.5153371181619634	0.11108221834736139	0.10151232014296614	0.021881237181763127
0.011061644029567838	0.0024428769248336065	0.002246342129620781	0.0004960869595029422	0.11061269523550109	0.024427942181304715	0.022462660768529288	0.004960701638484125	0.05083520133877026	0.011226553664880866	0.010323352851510604	0.0022798311354497365	0.5083348024841852	0.11226173575637831	0.1032300334127905	0.022797539488690288
0.011255401464622268	0.002545182439862445	0.002354756942142795	0.0005324808749047288	0.11084819816121834	0.02506608834319298	0.023190693371940848	0.005244108415326	0.05091645875880374	0.011513732063686704	0.010652297486542313	0.002408802617317233	0.501447925061	0.11339235276345143	0.10490856202436812	0.023722959211619977
0.011446432618129205	0.002648827040797051	0.0024653864080571796	0.000570516806549173	0.11104781563277295	0.02569765329362585	0.023917999995200563	0.005534881238782459	0.050989955439104735	0.011799621531185132	0.010982456043807636	0.0025414578946743663	0.49468016452190094	0.11447428557402389	0.10654653678004267	0.024656009181346198
0.011634684798873115	0.0027536932324842165	0.0025781093024504656	0.0006101860309486048	0.11121322840782474	0.02632190899224104	0.024643543307811124	0.00583262543027585	0.05105625472229743	0.012083976965013963	0.011313465514818636	0.002677667161822645	0.48803478703857134	0.11550790704834166	0.10814276846635647	0.02559519357986872
0.011820117131306302	0.0028596629395459257	0.002692799652776441	0.0006514740323741527	0.11134613857255445	0.02693817856458834	0.025366317436233046	0.006136920394217497	0.05111591334965327	0.012366568063855542	0.011644970366218794	0.00281728935665007	0.48151465064747423	0.11649373572263488	0.10969624663330141	0.0265390171366156
0.012002699874005674	0.002966618079991674	0.002809327478328313	0.0006943605836446538	0.11144825877982353	0.027545837432447234	0.02608535238643051	0.0064473225878231375	0.05116947880288634	0.012647179597412773	0.01197662395641593	0.0029601730893323943	0.47512221209523486	0.11743242432145948	0.11120613695373698	0.027485993981026406
0.012182413695428352	0.0030744411046652017	0.002927559529674594	0.0007388198742391683	0.11152130218878306	0.028144313932110983	0.02679971794973691	0.0067633686162722135	0.05121748688608186	0.012925611532902745	0.01230808980617698	0.003106157627385575	0.46885953598146407	0.1183247479337042	0.11267177728141334	0.028434656059960685
0.012359248919189134	0.0031830154992521717	0.003047360020093645	0.000784820682808601	0.11156697315794886	0.028733089452955277	0.027508527078577514	0.007084578409676934	0.0512604595556396	0.013201679028493481	0.012639042718765139	0.0032550739233900934	0.46272830595949993	0.11917159201519031	0.1140926725375116	0.02938356104100767
0.01253320475041165	0.003292226246431402	0.003168591341717949	0.0008323265906173364	0.11158695872833636	0.029311698133138737	0.02821093872767313	0.007410458439423735	0.05129890300207177	0.013475212305217645	0.012969169747797726	0.003406745671869874	0.45672983774665465	0.11997394036896308	0.11546848856361035	0.030331299636064478
0.012704288493883817	0.0034019602465669603	0.0032911147598560938	0.0008812962320015313	0.11158292091870914	0.029879726152631337	0.028906160164751813	0.007740504933332208	0.05133330598375221	0.013746056409664836	0.0132981710134078	0.0035609903822195277	0.45086509369166894	0.12073286324080029	0.11679904508362812	0.031276502293125535
0.012872514773811558	0.0035121066960972012	0.003414791079772829	0.0009316835775898659	0.11155648984154931	0.030436810665985622	0.02959344876237372	0.008074207051631681	0.051364138409326604	0.014014070880203308	0.013625760369467423	0.003717620455202828	0.44513469864780136	0.12144950565267379	0.11808430791878552	0.03221784521772744
0.013037904763948085	0.0036225574234676674	0.003539481281050831	0.0009834382457947063	0.11150925763620442	0.030982638418435505	0.030272113289137367	0.008411049988864258	0.051391850162490316	0.014279129329634106	0.013951665926544262	0.003876444251356791	0.4395389569048372	0.12212507608137284	0.11932438059826544	0.03315405569859623
0.013200485435810533	0.003733207183069808	0.0036650471155090644	0.0010365058379436492	0.11144277320489182	0.03151694408912293	0.03094151472421521	0.008750517970357342	0.05141687016024854	0.01454111895707126	0.01427563043690084	0.0040372671405940535	0.4340778699417667	0.12276083557367636	0.12051949550434898	0.03408391672447303
0.013360288831612315	0.0038439539081818117	0.0037913516654919928	0.0010908282923776287	0.11135853772793733	0.0320395084046292	0.03160106662384313	0.009092097115745983	0.05143960563360339	0.014799940001503599	0.014597411549199111	0.004199892523364757	0.42875115477339254	0.12335808737375596	0.12167000468473754	0.03500627089062378
0.013517351367464804	0.0039546989243600264	0.0039182598601541635	0.0011463442528845758	0.11125800092679174	0.03255015606464561	0.032250235072065266	0.00943527814604517	0.05146044161785837	0.015055505148965075	0.014916781941644404	0.004364122814882343	0.42355826267809765	0.12391816712322623	0.12277637045692077	0.03592002360399373
0.013671713171355045	0.004065347125099177	0.004045638948130482	0.0012029894469576126	0.11114255803699341	0.03304875351967882	0.032888538250744156	0.009779558914863137	0.05147974063837564	0.015307738904555213	0.015233529343098838	0.004529760385101963	0.4184983981098944	0.12444243367973203	0.1238391559201938	0.036824145605226316
0.013823417459410944	0.0041758071118710455	0.004173358925693741	0.001260697069554106	0.11101354744826755	0.03353520663827684	0.03351554566564438	0.010124446748409247	0.05149784257665358	0.015556576939749699	0.015547456452234407	0.004696608448336077	0.4135705376151146	0.1249322605863862	0.12485901548064422	0.037717674833753406
0.013972509953031426	0.00428599130086792	0.0043012929201482275	0.0013193981682754444	0.11087224896529503	0.03400945829849415	0.03413087706635485	0.01046946058289634	0.05151506470097328	0.015801965424552606	0.015858380765096606	0.004864471897571197	0.4087734485922071	0.12538902821191925	0.12583668548346766	0.03859971766884895
0.01411903833860078	0.004395815998925423	0.004429317528786401	0.0013790220261764399	0.11071988264022924	0.03447148593530189	0.034734201098014804	0.010814132891693664	0.05153170184556634	0.01604386035310137	0.01616613432153776	0.005033158079690829	0.4041057077516104	0.12581411657018365	0.12677297503565144	0.03946944958492947
0.014263051770728756	0.004505201451185931	0.004557313114241385	0.0014394965387368795	0.11055760812669403	0.034921299072490065	0.03532523372234802	0.011158011398094587	0.05154802672223857	0.01628222687036735	0.016470563380877372	0.005202477508892007	0.3995657191511701	0.1262088988177337	0.12766875709067693	0.040326115263524316
0.01465346352792182	0.004764533454163847	0.004815294652857083	0.001565679842276006	0.11171109628937784	0.036322556401622554	0.036709535844685906	0.01193600484182855	0.05121126318577501	0.016651201691237197	0.016828603102238177	0.005471774117748846	0.3904105225324928	0.1269409100394066	0.12829333474558205	0.04171422573078574
0.015036435218316324	0.005027192161532818	0.005076309288613186	0.0016971830021351234	0.1127801781371002	0.037706252796970444	0.03807465383493446	0.012729652908616095	0.05087587988910357	0.017009538555922774	0.017175726686391002	0.00574243012474623	0.38159249273294804	0.12757936043445056	0.12882584782899253	0.04307086639922675
0.01541165443561038	0.005292538031800612	0.005339726456165102	0.0018337230092160713	0.11376789371788769	0.03906919317555562	0.039417535248124344	0.013536431490346794	0.05054349800089837	0.017357214084160605	0.01751197151416248	0.006013810888230125	0.37310902166414533	0.12812989646346168	0.12927230637941622	0.04439358544081866
0.0157788726287699	0.005559942009905656	0.005604928276988518	0.001974987498974825	0.11467752463730382	0.04040848809821738	0.04073543881726488	0.014353793385662762	0.05021556577340259	0.01769427007007201	0.017837436879688095	0.00628531055353033	0.3649561611046771	0.12859823002817275	0.12963873626225297	0.04568031397511641
0.016137900612331148	0.005828790560135768	0.005871314299800732	0.002120638996879105	0.1155125359316355	0.041721559401672464	0.04202593759335888	0.015179197976832755	0.049893363316313256	0.018020805314003078	0.01815227547506301	0.006556355406798316	0.3571287902480928	0.1289900694864977	0.12993111207116753	0.046929353309418116
0.016488603772427272	0.0060984900271117085	0.006138305560825886	0.0022703192922047103	0.11627652226145183	0.04300614055536307	0.04328691701504181	0.0160101386002184	0.04957800905227582	0.018336967637912347	0.018456685166342704	0.006826406406144853	0.34962077764797833	0.1293110596376084	0.13015529957761449	0.04813935778947835
0.016830897108949524	0.006368470318286707	0.006405347965528708	0.0024236538392880544	0.11697315889979576	0.0442602723828355	0.044516568578027306	0.01684416723754996	0.0492704674895037	0.018642946228229814	0.01875090119389591	0.007094960947206811	0.34242513547613557	0.12956673060258414	0.13031700750530298	0.049309314226879425
0.017164740236300127	0.006638187919762763	0.006671915010650118	0.0025802560956744262	0.11760615779120344	0.04548229482018418	0.04571337979543759	0.01767891627557836	0.04897155797538832	0.018938964417107674	0.019035188896126494	0.007361553932138389	0.33553416452843565	0.12976245529949587	0.13042174819336275	0.05043851881315379
0.017490132446380924	0.0069071282722256745	0.006937509879161886	0.0027397317185622137	0.11817922878540443	0.04667083538880796	0.046876121134241285	0.018512117193577354	0.04868196412835866	0.019225272982311793	0.019309837024554754	0.007625758218427346	0.3289395888845088	0.12990341503723776	0.13047480655333332	0.05152655235290585
0.01780710791870339	0.0071748075454603055	0.007201666951191459	0.0029016825537980396	0.1186960460047324	0.04782479504134255	0.04800383058562517	0.019341616138294306	0.04840224368141271	0.019502144018448502	0.019575151690849453	0.007887184527450387	0.32263267954404345	0.12999457262643643	0.13048121661610418	0.05257325455610718
0.018115731144516086	0.007440773858393165	0.007463952781274652	0.0030657103647733	0.11916021918709717	0.048943332003254736	0.04909579648338225	0.0201653864321743	0.04813283850778515	0.019769865408242385	0.019831450962970416	0.008145480892939035	0.3166043667203054	0.13004065232325468	0.13044574489951388	0.0535786980301233
0.01841609261515457	0.0077046079972018875	0.007723966596795722	0.00323142026136542	0.11957526975568089	0.05002584418309622	0.05015153912919027	0.02098153813196924	0.047874084635631114	0.020028735902363804	0.020079060108195605	0.008400331727187217	0.31084534077012393	0.13004612587686756	0.1303728797987405	0.05454316251043601
0.018708304809778597	0.00796592368708574	0.007981340374553237	0.0033984238011300536	0.11994461130024299	0.051071950666288383	0.051170791721350736	0.02178832481107426	0.047626222093250556	0.020279060799818175	0.0203183074653357	0.008651456578524933	0.3053461419811872	0.13001520393749516	0.13026682620301816	0.05546710976986615
0.018992498504478313	0.008224367474200597	0.008235738552456587	0.0035663417459726393	0.12027153411036905	0.05208147274442542	0.05215348101790316	0.02258414778070629	0.04738940445846074	0.020521148207962282	0.020549520916612208	0.008898608647890093	0.3000972396260506	0.1299518320928608	0.13013150456698985	0.05635115955266132
0.019268819413479583	0.008479618273424026	0.008486857431814604	0.003734806467303126	0.1205591933751761	0.053054414867693085	0.053099708099081815	0.02336755799348407	0.04716370801472476	0.020755305851500292	0.02077302492111628	0.00914157312576014	0.2950891008330207	0.12985969083095425	0.12997055370710783	0.05719606679435955
0.019537425163840598	0.008731386635419282	0.008734424322912993	0.0039034640010962396	0.12081060065380067	0.05399094584468845	0.054009729530237374	0.02413725588956899	0.04694914044230493	0.020981838392965656	0.020989138066057993	0.009380165403685331	0.29031224992288235	0.1297421987707243	0.1297873366475666	0.058002700312248356
0.019798482597512015	0.008979413783264478	0.008978196482935125	0.0040719757613068485	0.12102861822343038	0.05489138055365386	0.0548839391663607	0.02489208945195628	0.04674564899495303	0.0212010452228128	0.021198171088715044	0.00961422920754172	0.28575731892340134	0.12960251855523225	0.1295849489017637	0.058772023085160316
0.020052165388785667	0.00922347046502079	0.009217959891067773	0.00424001992575619	0.12121595592388695	0.05575616237329165	0.055722850784420686	0.025631050735513052	0.04655312813154767	0.021413218674916433	0.0214004253206657	0.009843634692661814	0.28141509000661974	0.12944356486002478	0.1293662286404741	0.05950507418534698
0.020298651960806803	0.00946335566430115	0.009453527901104548	0.004407292512984732	0.12137517013729554	0.05658584649079514	0.05652708168058213	0.0263532711256501	0.04637142658782852	0.02161864262262123	0.021596191506139516	0.01006827653440069	0.2772765306028277	0.1292680140299202	0.12913376826384657	0.06020295237889544
0.020538123681779114	0.009698895206392473	0.009684739807223923	0.004573508171770137	0.12150866456598168	0.05738108419999853	0.057297337326329884	0.027058015568696494	0.04620035388620022	0.021817591411139422	0.021785748947771286	0.010288072041589012	0.2733328219348643	0.12907831491762342	0.1288899269587084	0.06086680137393177
0.02072547902923978	0.009919269475578502	0.009954477256390043	0.004764239333399477	0.1224030958086642	0.05858244773296944	0.058790382196718435	0.028137233535532574	0.04543164032500025	0.021743704088356908	0.021820881905680933	0.010443532210370502	0.2683157969762862	0.1284166552197669	0.12887246151282716	0.06167870339321856
0.020901516224833362	0.010131895116910462	0.010216433047325387	0.004952359770984227	0.1232330949055481	0.05973656547613647	0.060234992034759204	0.02919858134210468	0.04470162087596317	0.02166886504305574	0.021849664487191597	0.010591504776140886	0.26355595587340314	0.12775730112697564	0.12882327523231793	0.06244637466634989
0.021066833264023633	0.010336796810335292	0.010470442082064095	0.0051374988808360195	0.12400249807610839	0.06084391567173351	0.06163057151804586	0.030240078663118567	0.044008760886672785	0.021593640271365726	0.021872826171469247	0.01073227081491975	0.2590420790248028	0.12710336207857684	0.12874669160070223	0.06317173418522516
0.021222019683132583	0.010534036049665253	0.010716394404955544	0.005319328069135481	0.12471504930068901	0.061905174195716055	0.06297683615862043	0.031259996564608095	0.043351523442812345	0.021518522627582685	0.021891037243646456	0.010866118255107448	0.2547630934358011	0.12645750265277428	0.12864665238504722	0.06385671553070604
0.021367652138968237	0.010723706173672846	0.010954230005117893	0.0054975597304621465	0.1253743773675897	0.06292118459497396	0.06427377970686765	0.03225684898673696	0.04272838087358097	0.021443937723482156	0.02190491069357547	0.01099333817822955	0.25070813176431245	0.1258219818867176	0.12852673385164393	0.06450324632406869
0.02150429086712578	0.010905927713522586	0.011183933686882374	0.005671945803543335	0.12598397813447554	0.0638929303498694	0.06552164243739775	0.03322938201072808	0.04213782439385727	0.021370249764759573	0.02191500462127923	0.011114221701983954	0.24686658025006675	0.1251986915414895	0.12839016548296875	0.06511323124005017
0.021632476928157382	0.011080844086858301	0.01140553009067338	0.005842275994674446	0.12654720140486236	0.06482150948559813	0.06672088075290988	0.03417656144583873	0.04157837206136309	0.02129776722875688	0.021921825006078196	0.01122905739358785	0.24322811672513334	0.12458919281052226	0.1282398503610757	0.06568853822391009
0.021752730149731416	0.011248617654426937	0.011619078927243684	0.006008375750976117	0.12706724182771834	0.0657081115742273	0.0678721384258816	0.03509755921605581	0.04104857522675012	0.021226748311884657	0.021925828717936732	0.011338129159275663	0.2397827398730062	0.12399475111383491	0.1280783865196617	0.06623098755138894
0.021865547674889716	0.011409426143415552	0.011824670470997336	0.006170104056620725	0.12754713325206646	0.06655399710454202	0.06897621969734996	0.03599173896717359	0.04054702364954168	0.021157406095802397	0.02192742666977283	0.011441714555873587	0.23652079084860467	0.12341636874105893	0.1279080886931655	0.06674234337912502
0.0219714030307437	0.01156345943247606	0.01202242134336184	0.006327351115883343	0.1279897460039314	0.0673604791473018	0.07003406436703283	0.03685864125592844	0.04007234944449875	0.021089913398661148	0.021926987027914374	0.011540083472090134	0.23343296830000268	0.12285481520513448	0.12773101000456522	0.06722430745047366
0.022070745637716417	0.011710916686425817	0.012212470604761246	0.006480035977732427	0.12839778659590412	0.06812890720721897	0.07104672493888287	0.03769796862598229	0.03962323001232285	0.021024407291815036	0.02192483841435154	0.011633497130021993	0.23051033775082924	0.12231065524794589	0.12754896323325396	0.06767851464483536
0.022164000686156246	0.011852003823541069	0.012394976163555182	0.0066281041479535	0.12877379942663164	0.06886065312791832	0.07201534582971293	0.03850957082222554	0.03919839009654864	0.020960993273706558	0.02192127304886481	0.011722207360980317	0.22774433621510645	0.12178427450136366	0.12736354139052766	0.06810653008520767
0.022251569314354087	0.0119869312949004	0.012570111502146996	0.006771525226684762	0.129120170076065	0.0695570989004006	0.07294114460436356	0.03929343034605115	0.03879660309572251	0.02089974910146896	0.021916549791532278	0.011806456113766786	0.225126772827739	0.12127590285454401	0.12717613740338293	0.068509847546877
0.022333829029323436	0.012115912153102778	0.012738062714102726	0.006910290601855558	0.1294391298502941	0.07021962621730223	0.0738253951674439	0.04004964851044822	0.03841669174705955	0.020840728287526516	0.021910897056653132	0.011886475157732035	0.22264982618688023	0.12078563561322113	0.1269879627684455	0.06888988893860892
0.022411134318888158	0.012239160386614954	0.012899025841323719	0.007044411222416168	0.12973276127587963	0.07084960761293112	0.07466941281742638	0.04077843211517476	0.03805752828512155	0.020783963273432664	0.02190451557790876	0.011962485947138413	0.22030603902108312	0.12031345256122934	0.12680006508807554	0.06924800465535585
0.022483817410471323	0.012356889495768061	0.013053204496845723	0.007173915469446256	0.13000300428674275	0.07144839903125087	0.0754745410523057	0.041480080828836474	0.03771803416696342	0.02072946829668284	0.021897581011803224	0.012034699617399582	0.2180883107159366	0.11985923505056005	0.12661334444127537	0.06958547462771186
0.022552189138365982	0.01246931128681884	0.01320080775647755	0.007298847138211678	0.13025166288633386	0.07201733366950479	0.07624214000577482	0.042154975336204194	0.03739717944383937	0.020677241968539234	0.021890246372259125	0.012103317087585965	0.21598988816265452	0.11942278125557013	0.12642856857420237	0.06990350991765737
0.022616539887117298	0.012576634861351294	0.013342048301038113	0.007419263539965677	0.13048041210362885	0.07255771695301287	0.07697357638767728	0.04280356628520242	0.03709398184907161	0.020627269582253884	0.021882644293880343	0.012168529247116592	0.21400435532529652	0.11900381973098484	0.12624638692008863	0.07020325473231384
0.022677140583921656	0.01267906577947849	0.01347714079022547	0.007535233728705448	0.13069080509342987	0.07307082250605522	0.0776702148012823	0.04342636404829217	0.0368075056621172	0.02057952517167864	0.021874889125002236	0.012230517207771283	0.21212562186405917	0.1186020214133219	0.12606734347729054	0.07048578874736842
0.022734243717641853	0.012776805376697056	0.013606300448995622	0.0076468368551349045	0.13088428025953017	0.0735578889940109	0.0783334103117654	0.04402392929700659	0.03653686040024132	0.020533973340277675	0.02186707885439435	0.012289452605044247	0.21034791109930734	0.11821701020232565	0.12589188858808753	0.07075212964953942
0.02326621326205088	0.013516094397497198	0.013909736027280784	0.008080614712478673	0.13045783276014522	0.07578716667894907	0.07799438593406947	0.045309456716756125	0.036648607917664645	0.02129035948277708	0.021910418174216115	0.012728469261234603	0.2054953209946371	0.11937886606316926	0.1228556464123449	0.07137081120472887
0.023783072438506365	0.01425499028631025	0.01420435017693293	0.008513739102425436	0.12998852952999818	0.07791193633930035	0.07763515824974884	0.046532609678072	0.0367607056418513	0.022033465322759235	0.02195519258658084	0.013159403935929652	0.20091895541354443	0.12042589388570815	0.11999808717972327	0.07192391023260886
0.02428508368813424	0.014991352871438471	0.014490331170392699	0.008944983290524957	0.12948507818945737	0.07993204897508392	0.07726066291079682	0.04769355031471168	0.03687361133931566	0.022762339480923776	0.022001605867065517	0.013581745960902237	0.19660555873364463	0.12136599343499438	0.11730985540653395	0.07241619836607967
0.024772524842384513	0.01572319527080173	0.014767871570167774	0.009373212052838087	0.12895517162913234	0.08184823136136299	0.07687522467106991	0.048792933973444766	0.036987655151515655	0.023476174845178877	0.022049788805728356	0.013995066602142678	0.19254191684418323	0.12220692786130066	0.11478177206078942	0.07285233245795911
0.025245682473968085	0.01644868868335947	0.015037164740344566	0.009797383839765956	0.12840556276120524	0.0836619540489159	0.07648260659254842	0.04983183111923805	0.03710305666559429	0.024174297087143876	0.02209980958233873	0.014399012114497118	0.18871499616693407	0.122956241132798	0.11240490286851204	0.0732368101228362
0.025704846997869533	0.017166164299353533	0.015298402377294395	0.01021655132777185	0.12784214249460712	0.08537530772409123	0.07608606022124953	0.05081165473409471	0.03721994096238379	0.02485615346496614	0.02215168342954473	0.014793297049787884	0.185112052857125	0.12362119538775683	0.11017060983595826	0.07357393683614537
0.026150309198643237	0.017874112787380127	0.015551772861171289	0.010629860628138019	0.12727001801896545	0.08699088944772078	0.07568837512524781	0.05173409397975333	0.037338353447253426	0.02552130209022148	0.022205381489406824	0.015177697908407652	0.18172071618476293	0.12420872549600556	0.10807058841282968	0.07386780292409226
0.026582357892425527	0.018571181779780413	0.0157974602516068	0.01103654939786367	0.12669358925740867	0.08851169959992902	0.07529192664273048	0.05260105449977652	0.037458273357940344	0.026169401770233303	0.02226083881876026	0.015552047186581128	0.17852904991753543	0.12472540819769677	0.10609689257975936	0.07412226884997225
0.027001278468937923	0.01925617173661577	0.016035643774883878	0.011435944071743927	0.12611662198823584	0.08994104981514403	0.07489872105950639	0.05341460543188367	0.0375796259118775	0.02680020248631409	0.022317961536877064	0.01591622784305125	0.175525595243194	0.12517744335931807	0.10424194994812126	0.07434095732429533
0.027407352096660283	0.019928030525850005	0.01626649767381873	0.0118274564083857	0.12554231664944684	0.09128248178272433	0.07451043773006026	0.05417693297558735	0.03770229310642613	0.027413536530986424	0.022376633136626304	0.016270168188439238	0.17269939842725532	0.12557064511436866	0.10249856873729733	0.07452725091606704
0.027800855410908532	0.020585847015527743	0.016490191314273327	0.012210579517607774	0.12497337224224606	0.09253969649379948	0.0741284678836141	0.05489030020093443	0.03782612322169868	0.028009310300820815	0.022436719999570108	0.01661383718646834	0.17004002603500934	0.12591044091037423	0.10085993826294597	0.0746842940042011
0.028182060538258048	0.02122884393412491	0.016706889462872628	0.012584883513060583	0.12441204505586768	0.09371649331428132	0.07375395002706166	0.05555701267919135	0.03795093910008533	0.028587496723864056	0.022498076167872964	0.016947240147237003	0.16753757017953486	0.12620187674409433	0.09931962434286802	0.07481499806972539
0.028551235340794987	0.021856370218660232	0.01691675266870885	0.012950010912365448	0.12386020216253382	0.09481671813879078	0.07338780198018288	0.0561793894543248	0.03807654529168777	0.02914812828969311	0.02256054743305678	0.017270414787551678	0.16518264590606693	0.12644962711866792	0.0978715608134538	0.07492204948346037
0.028908643789724922	0.022467893036966963	0.017119937697456254	0.013305671887752222	0.12331936979311937	0.09584421981368728	0.07303074966450582	0.05675973884512834	0.03820273416280169	0.029691290644170334	0.022623974804799097	0.017583427630940368	0.16296638249786274	0.1266580084910399	0.09651003815457035	0.07500791908547431
0.02925454639993085	0.02306298964082379	0.017316597979458902	0.013651639453056596	0.12279077681458737	0.09680281399510024	0.07268335282370678	0.05730033856335754	0.03832929106720567	0.030217116708573327	0.022688197423222912	0.017886370719526583	0.1608804101951735	0.1268309951902566	0.09522969004663318	0.07507487297938598
0.02958920067537193	0.023641339180331854	0.017506884044164457	0.013987744657912398	0.12227539360100596	0.09769625361782855	0.07234602788743538	0.0578034196462831	0.03845599867880815	0.03072578128279125	0.022753054976331268	0.018179358610788954	0.15891684355923968	0.12697223697491777	0.09402547853115538	0.07512498407563402
0.029912861530095633	0.024202714586802676	0.01769094392199921	0.014313871846880766	0.12177396663059169	0.09852820518350532	0.07201906820762503	0.058271153727065456	0.03858264058036061	0.031217496093850758	0.022818389681076707	0.0184625256338616	0.15706826248722072	0.12708507756098503	0.09289267831469783	0.07516014401338086
0.030225781661503692	0.024746974611228854	0.01786892350168006	0.014629954029915675	0.12128704915958145	0.09930223012382165	0.07170266190129196	0.058705643198923414	0.038709004197392406	0.03169250525351559	0.022884047882552144	0.018736023382082828	0.15532769169000907	0.12717257359035028	0.09182686064447797	0.07518207517167305
0.03052821186178462	0.025274056087870582	0.018040966836300472	0.014935968400784554	0.1208150283260606	0.10002177055096036	0.07139690753016624	0.05910891386589205	0.038834883159954654	0.032151081091626614	0.022949881321329014	0.019000018420709922	0.1536885792804145	0.1272375136278705	0.09082387709012729	0.07519234254814791
0.030820401260512383	0.025783966477332634	0.018207216395570224	0.015231932031670095	0.12035814902807256	0.10069013876823342	0.07110182783804472	0.05948290971156367	0.038960079167708	0.03259352033490392	0.023015748114345428	0.019254690190920264	0.15214477498125048	0.1272824368722272	0.08987984348821922	0.07519236533942585
0.031458285800038434	0.02620755205771366	0.018659752544619282	0.015545234705591212	0.11991823677331409	0.09990256471323757	0.07113053260436628	0.059258064726449615	0.03970139087745057	0.0330747922756539	0.023549221154622737	0.019618597251336346	0.1513407571453303	0.12608032098605956	0.08976907057802042	0.07478562580619595
0.03207806232566095	0.02661909510802602	0.019100315306556082	0.01584986975138391	0.11948228063250142	0.0991490745167656	0.071143612430779	0.05903656419136371	0.04042147196233463	0.03354264343177164	0.02406825112432347	0.019972374243119748	0.1505592703060172	0.12493745710023307	0.08964785671824965	0.074391800850914
0.03267943868986159	0.027018432317188833	0.019528578354355945	0.01614567427321744	0.11905162891863103	0.09842850756145397	0.07114287015806271	0.05881890568740097	0.04112002572639473	0.0339968700966193	0.024572504196045376	0.020315848989495074	0.14980079952909497	0.12385104902041293	0.08951795895003141	0.07401090753173388
0.03326221467663548	0.02740545749502846	0.019944289410281115	0.01643253105710798	0.11862745485286735	0.0977397236870492	0.07112996878264276	0.05860551845529117	0.041796857789182046	0.03443733439589005	0.02506172954182045	0.0206489005734399	0.14906568635253137	0.12281844041404545	0.08938097533972748	0.0736429171764597
0.03382627600818215	0.027780117734022343	0.020347265935980657	0.016710365726640402	0.11821076944713028	0.09708160283077912	0.07110643695616552	0.05839676793896275	0.042451869310010375	0.0348639598156225	0.025535754338471647	0.020971456088699308	0.14835414144883952	0.12183710423168304	0.08923835328587364	0.07328775890293684
0.0343715880617752	0.028142409410440813	0.020737390523336896	0.016979143738225084	0.11780243409225605	0.09645304499205373	0.07107367503590988	0.05819296034766623	0.04308504990079594	0.035276726568415906	0.02599447846007142	0.021283487219718303	0.14766625685662138	0.12090463347510866	0.08909139810623508	0.07294532321136943
0.03489818942247132	0.02849237410245828	0.0211146060893679	0.017238867278797386	0.11740317277326875	0.095852970450025	0.07103296153104631	0.05799434718653025	0.04369647036788406	0.03567566688365375	0.026437868972065213	0.02158500672068714	0.14700201772873014	0.1200187331279199	0.08894128176993005	0.0726154655951645
0.03540618538280572	0.028830094493193098	0.021478910967799563	0.01748957212186048	0.11701358384490146	0.09528032016897135	0.07098545980749262	0.05780112971126852	0.04428627540661003	0.03606086029657918	0.026865954529401777	0.02187606485584932	0.1463613135513418	0.11917721308328832	0.08878905165610212	0.07229801012253469
0.03589574148570732	0.02915569031694519	0.02183035397865841	0.017731324490524454	0.11663415131245028	0.09473405633366092	0.07093222493161222	0.05761346326893498	0.044854676355360605	0.036432429000092234	0.02727881976823265	0.022156745854965354	0.1457439487964104	0.1183779819221396	0.08863563923703723	0.0719927529472682
0.036367077192086324	0.029469314397448015	0.02216902954585606	0.01796421796897415	0.11626525557487882	0.09421316296436719	0.07087421054988914	0.057431461492872024	0.045401944099160395	0.03679053331249468	0.027676599767897107	0.02242716442964458	0.14514965297881882	0.11761904141265683	0.08848186859950376	0.0716994657134521
0.03682045974031067	0.02977114881796065	0.02249507292159248	0.018188370496808902	0.11590718359844634	0.09371664656870787	0.07081227571770289	0.0572552003260893	0.04592840219676504	0.037135367304338446	0.028059474647389088	0.022687462388381527	0.14457809009852457	0.11689848161856164	0.08832846473316296	0.07141789882525772
0.037256198251416794	0.030061401254678696	0.022808655565783063	0.018403921474105068	0.11556013849973676	0.09324353679470566	0.07074719160521023	0.05708472185309418	0.04643442029023105	0.03746715461822374	0.028427664348613785	0.022937805380732996	0.14402886745670648	0.11621447651890608	0.0881760615289004	0.07114778455895485
0.03767463812159921	0.030340301497341425	0.023109980718810316	0.0186110289989612	0.1152242485266312	0.09279288705624847	0.07067964802197343	0.05692003792554592	0.0469204078421789	0.03778614450695359	0.028781423647698277	0.02317837979426385	0.1435015438430607	0.11556528005603595	0.0880252094427251	0.07088883999997234
0.038076155732440164	0.03060809817412734	0.023399279196857088	0.018809867253773788	0.11489957543436097	0.0923637751083199	0.07061025971427956	0.056761133571947134	0.04738680823361401	0.03809260810794701	0.02912103742557102	0.02340938982174899	0.14299563709875598	0.1149492225409099	0.0878763827923816	0.07064076979296549
0.03846115349952958	0.030865055691981252	0.023676805430970643	0.019000624051591464	0.11458612226126123	0.09195530355492995	0.07053957240004458	0.056607970185879854	0.04783409324427579	0.038386834965260574	0.029446816220045958	0.023631054710680267	0.1425106310660234	0.11436470735611201	0.08772998666398148	0.07040326869743206
0.038830055271602354	0.03111145139839137	0.02394283376386797	0.019183498549617276	0.11428384051519602	0.09156660027755115	0.07046806851580414	0.05646048849101948	0.04826275792805068	0.03866912980494749	0.02975909207376809	0.023843606202394264	0.14204598194086604	0.11381020790670812	0.08758636341480547	0.07017602394541012
0.039183302085051455	0.03134757296630844	0.024197655012319998	0.019358699133262814	0.11399263678688182	0.09119681877607591	0.07039617265860766	0.05631861128433157	0.048673315887968464	0.03893980956475755	0.03005821468558826	0.024047286164095755	0.14160112404990705	0.11328426477765362	0.08744579876598932	0.06995871740120026
0.039521348272591926	0.03157371600030925	0.024441573297706538	0.019526441471069706	0.11371237881056204	0.09084513841786514	0.070324256712729	0.056182245961492	0.04906629494861484	0.039199200675280294	0.0303445478671876	0.024242344413659765	0.14117547507601116	0.11278548306384438	0.08730852748517764	0.06975102752589878
0.039844657919872246	0.03179018185920416	0.02467490314296604	0.01968694673827064	0.11344290099575187	0.09051076459341346	0.07025264465706921	0.0560512868307099	0.04944223321834491	0.039447636586495985	0.03061846630200685	0.024429036734313427	0.1407684407600395	0.11231252984522075	0.08717473866447652	0.06955263115184473
0.04015370165985096	0.03199727568799467	0.024897966830602098	0.019840440004710618	0.1131840094561842	0.09019292877954714	0.07018161705405991	0.055925617222817164	0.049801675529345696	0.039685455531235994	0.030880352599667638	0.024607623074064444	0.14037941910803658	0.11186413178468255	0.08704458060328327	0.0693632050739171
0.04065721483152673	0.032661453455792674	0.025458326626450194	0.020451621037440023	0.11081437605262638	0.08902131148612304	0.06938863353390469	0.05574247114367767	0.05087280570437143	0.04086801770765853	0.031855022765148726	0.02559032505518165	0.13865775719110465	0.11138893555665148	0.08682332241619535	0.06974840543614674
0.041136604873464544	0.03329725128454928	0.025996176465884736	0.021042116209750994	0.108601432225621	0.08790538718014286	0.06863040849552955	0.055551593634578275	0.0518987547130815	0.04200847110140038	0.03279729063764387	0.02654715018833418	0.1370137158840391	0.1109031759245537	0.0865854814057749	0.070084989775651
0.04159233612314733	0.033904830387983156	0.026511481446333418	0.021611367996034535	0.10653469555218179	0.08684390250255601	0.06790656327069326	0.055355402570003105	0.052879751605940245	0.043105994427668035	0.03370622293099319	0.027476306406815896	0.13544630485611553	0.11041178305610773	0.08633518895248822	0.07037786791493855
0.042024978417504306	0.03448451457717297	0.02700435294619095	0.022159012042042302	0.1046043957818589	0.08583542328895978	0.06721654905692437	0.055156008475552264	0.05381628396197549	0.04416012806333841	0.03458119387769398	0.02837635447481096	0.1339541405861285	0.10991899788319624	0.08607606778650466	0.07063159878014573
0.04243518721087966	0.035036767456006465	0.02747503025178993	0.02268485917111503	0.10280142305672302	0.08487837077013055	0.06655967356463961	0.05495523780873256	0.05470906210237851	0.045170737131231764	0.03542185707441691	0.02924618578937375	0.13253551611011166	0.10942843340210927	0.08581127017222896	0.0708503889281323
0.042823685252585446	0.035562170583952266	0.027923862695208364	0.023188876965461687	0.10111728101969202	0.08397105422846866	0.06593512572896108	0.05475465679372116	0.05555898477601751	0.04613797440416818	0.036228116595290426	0.030084997465724798	0.13118846366512027	0.10894313499616347	0.08554351698068725	0.07103809784877756
0.043191246002855545	0.03606140296410464	0.028351292642243932	0.023671171432693084	0.09954404410543258	0.08311170015621407	0.0653419983539944	0.05455559520018176	0.05636710688401104	0.047062243935511616	0.03700009818099677	0.030892265764413125	0.12991081047735142	0.10846563874789508	0.08527513665595501	0.07119824849614607
0.043538678869241565	0.03653522209880985	0.028757839573832555	0.024131969163955873	0.09807431842709714	0.08229847801961586	0.06477930862601201	0.054359169582674186	0.05713460962985564	0.047944166120076355	0.03773812114932368	0.03166771876388703	0.12870022801736802	0.10799802697053945	0.0850081032902873	0.07133404169742356
0.04386681626838102	0.03698444675624835	0.029144085420307688	0.024571600293314483	0.09670120577716103	0.0815295227820832	0.06424601649168978	0.054166305612441665	0.05786277332660343	0.048784544703991885	0.038442671521205195	0.03241130902560556	0.12755427510535428	0.10754198041872025	0.0847440732113352	0.07144837328555717
0.04417650245940613	0.03740994150983921	0.02951066123728059	0.024990482481446023	0.09541827035035003	0.08080295437731232	0.06374104094691357	0.053977759235047384	0.0585529529645295	0.049584336099134034	0.03911437672021361	0.03312318684897261	0.12647043529339452	0.10709882683440926	0.0844844196505672	0.07154385299118393
0.04446858405306568	0.03781260304770962	0.02985823525456317	0.025389106071797486	0.0942195078712976	0.08011689435032317	0.06326327432043398	0.053794136474467215	0.059206556540903496	0.05034462121913726	0.039753982085449814	0.033803674575494894	0.1254461489797201	0.10666958564665575	0.08423026520353619	0.07162282430544467
0.044743902072512505	0.03819334820036704	0.030187502284674674	0.02576802050454723	0.09309931687025913	0.07946947990096129	0.0628115946653015	0.05361591177685739	0.05982502607583258	0.051066579939928934	0.04036232933860227	0.034453242278888324	0.12447884072290298	0.1062550087742246	0.08398251191026002	0.0716873846838794
0.04500328542517853	0.038553103599257475	0.030499174443819478	0.0261278220226681	0.09205247189856437	0.07885887557194964	0.06238487639056558	0.053443444846067154	0.060409821181847956	0.05175146819688362	0.04094033706513134	0.035072485071888884	0.1235659422240348	0.10585561758203961	0.0837418688791387	0.0717394056009648
0.04524754563780778	0.038892796855033836	0.030793973114286947	0.02646914266422876	0.09107409851332474	0.07828328282350769	0.061981999277411416	0.05327699596927819	0.06096240501676923	0.052400597660933704	0.041488983205755524	0.03566210217146132	0.12270491143429536	0.10547173611868388	0.08350887745260081	0.07178055208462082
0.045477472706363486	0.039213349130005785	0.031072622061433953	0.02679264050460823	0.09015964989006464	0.07774094773044608	0.061601856029110016	0.05311673986641379	0.06148423242618809	0.053015317884654	0.04200928950585635	0.03622287779123067	0.12189324822636442	0.10510352081684744	0.08328393396954088	0.07181230146087204
0.045693831917257934	0.03951566897243952	0.03133584160922595	0.027098991090202192	0.0893048849441031	0.07723016702698868	0.0612433585041842	0.05296277812274601	0.06197674007060466	0.05359700077366391	0.04250230783501291	0.03675566387197144	0.12112850704310281	0.10475098687517334	0.08306731022116597	0.07183596112215741
0.04589736150458563	0.039800647279365796	0.03158434377433153	0.027388879990123335	0.08850584785818728	0.07674929271071455	0.06090544277828218	0.05281515028200075	0.062441338330091446	0.054147027215915564	0.042969108264533075	0.03726136461623608	0.12040830690784966	0.10441403156183923	0.08285917172565095	0.0718526852002929
0.046088771018476644	0.040069153257812226	0.03181882825873765	0.027662996383050576	0.08775884892635002	0.07629673540111108	0.060587073173476225	0.05267384368867347	0.0628794047839665	0.05466677568900037	0.043410768775556864	0.0377409227599042	0.1197303391492629	0.10409245469050088	0.0826595939653834	0.07186349007873698
0.04626874029131727	0.040322031260632135	0.03203997920372075	0.027922027591593436	0.08706044663328245	0.07587096663123499	0.06028724538498983	0.05253880217454594	0.063292279072335	0.05515761266122613	0.043828366462232246	0.03819530748980018	0.11909237316127856	0.10378597652059028	0.08246857674068059	0.07186926872054013
0.04643791890064851	0.04056009838132468	0.03224846261289146	0.028166654475273698	0.08640743089553221	0.07547052023365665	0.06000498882545012	0.05240993368668286	0.06368125895888659	0.05562088460391757	0.044222970091987356	0.0386255039008722	0.11849226048658353	0.10349425332870078	0.0822860567975457	0.0718708038200462
0.046398167407313534	0.04050486828178869	0.03289381680457827	0.028715783217436196	0.0854297611256173	0.07457883393024627	0.06056512722702908	0.05287240074085125	0.06356084267800147	0.055487613076419307	0.045061234781985024	0.03933774718807879	0.11703021714751394	0.10216553358531973	0.08296815884248795	0.07242989396533313
0.04635683906419034	0.04044968383805831	0.03350557163911383	0.029236026592298434	0.08451488914453004	0.07374533325645972	0.06108526228207086	0.053301294832747474	0.06344277953110507	0.055358398580355385	0.045854864944965434	0.0400116752329112	0.11566490699824536	0.10092596936471386	0.0835997213311903	0.07294678336704429
