0.010865225445984046	0.0023420268070129253	0.0021402577167973203	0.0004613379604109654	0.11033965882173621	0.023783992345292944	0.021734966056253448	0.004685026869099751	0.05074561612121308	0.010938345815750768	0.009995991066821747	0.002154661139572698	0.5153371181619634	0.11108221834736139	0.10151232014296614	0.021881237181763127
0.0112585137599217	0.0025473684213369297	0.0023570358113199994	0.0005333065022392968	0.11085588682310302	0.02508242130659681	0.023208329332761596	0.00525115184072712	0.05091092808855111	0.011519183906440626	0.01065850104650819	0.0024116086335760193	0.5012896198017182	0.11342255067206786	0.10494791860731846	0.02374567544581308
0.011640659660273651	0.0027582073139745845	0.0025829034899192633	0.0006120085549359931	0.11122494013478948	0.02635430055764981	0.024679296055757655	0.005847659571823155	0.05104464570401402	0.012094822735908681	0.011326110149971577	0.002683676077322835	0.4877247362540819	0.11556440734482476	0.10821946179646362	0.025642164598288924
0.012011278074436003	0.00297356959861211	0.0028168427260221954	0.0006973510930529811	0.11146072982533188	0.027593752770833906	0.026139378682260146	0.006471189934533919	0.051151424744879874	0.012663291999774309	0.011995852383515167	0.0029697507405958726	0.47466848226620245	0.11751120568011718	0.11131758446166269	0.027558315018169174
0.0123701714060118	0.003192480276207266	0.003057766728809204	0.0007891450854288092	0.11157738437305997	0.028795769047199812	0.027580669856982695	0.007117989042593993	0.051235772114752984	0.013222871902414056	0.012664904483150755	0.003268544665667116	0.4621401960622799	0.11926863519889211	0.11423583951939736	0.029481860237152067
0.012717304608903737	0.0034139810133185108	0.0033045447854042854	0.0008871103981524768	0.11158891794132395	0.029956225699093102	0.028995969525943133	0.007784014967686245	0.05130196664188332	0.013772096009925423	0.013330627169905785	0.0035786284478727557	0.4501528525015919	0.1208442621131869	0.11697056153923731	0.03140093663657115
0.013052778799889439	0.0036371452321020937	0.0035560261834134644	0.0009908835410849116	0.11150895111029711	0.03107187029561539	0.03037887609315401	0.008465046871074794	0.05135399687287045	0.014309745667116392	0.013990596201967914	0.0038984672191552322	0.4387135041822487	0.12224712871168741	0.11952065777000406	0.0333043252483187
0.013376804855335328	0.003861090319580556	0.0038110623448563744	0.001100027703639104	0.11135048686303581	0.03214028249324205	0.03172384228928053	0.009156792050695637	0.05139551581145747	0.014834837669798191	0.01464262334105837	0.0042264570535971635	0.4278238166792171	0.12348736599886073	0.12188734571608795	0.03518164881025755
0.013689678164446698	0.004084986960322845	0.004068526531106762	0.001214044452152422	0.11112574116120533	0.03315981560316561	0.0330261983351411	0.009854986211324147	0.05142981168884643	0.01534660695431246	0.01528476789829293	0.004560960221712519	0.4174806648520852	0.1245758338232349	0.12407385628582823	0.037023520856822416
0.013991755413234015	0.0043080657506891756	0.0043273307104339485	0.0013323864429400426	0.11084602474112124	0.03412952475824436	0.03428214636585804	0.010555483301200009	0.05145979321246706	0.01584448599397976	0.015915339922985314	0.0049003380067620395	0.4076767598586598	0.12552379845332673	0.1260851201842745	0.03882164688382384
0.014283433980932111	0.0045296213609211855	0.004586439394580884	0.0014544705341865034	0.11052167086078742	0.03504908706435969	0.03548873092195563	0.011254332387482642	0.05148798732786179	0.016328082416487803	0.016532896342954642	0.005242980121791132	0.39840128055557245	0.12634265352659335	0.12792745291019333	0.04056888029333939
0.01506182516086689	0.005090112007281103	0.005109683340655558	0.0017268066949316584	0.11277625182340544	0.03811249615577358	0.03825903760062396	0.012929560966085897	0.05069145135145016	0.017131068939833027	0.01719693740418168	0.005811668681224323	0.3795550553699308	0.1282698294614603	0.12876302324397113	0.043515191798324485
0.01580587794346757	0.005664425449605834	0.005641013674300519	0.002021596113329998	0.11468137285475315	0.04109889303951477	0.040929026199938795	0.014667924076329733	0.04991226035741334	0.017887287174245946	0.01781335679033133	0.006383854911885092	0.3621441694377828	0.1297832779126036	0.12924686747382053	0.04631879659067692
0.01651398431882737	0.006246659825467042	0.006175323854972115	0.0023359079607532147	0.11626736397873044	0.043979857165715265	0.04347761342573219	0.01644605298456484	0.04916292794537391	0.018596607636872525	0.018384237011489467	0.006954110682460078	0.3461335512574094	0.13093015635365637	0.12943495251168274	0.048960693086293056
0.01718552851520524	0.006831246249454852	0.006707939253940897	0.0026664053322253893	0.11756699101936062	0.04673286979507875	0.04588932096727359	0.01824100151882782	0.048452860497353194	0.01926000828284391	0.01891235667313641	0.007517660308055565	0.331468247247363	0.13175860252528754	0.12938030187307395	0.051428659941519246
0.01782068840870292	0.007413102147567622	0.007234712438904388	0.003009516865335276	0.11861365876298045	0.04934125710190242	0.04815390364254476	0.020031201843582144	0.047788681017627746	0.01987927546660837	0.019400898386631393	0.008070442521425941	0.31807919946513397	0.13231551680686154	0.1291314615996166	0.053716483524574345
0.01842024384171754	0.00798772970716432	0.007752072038337978	0.0033615980681250494	0.11944002078236324	0.05179380959479463	0.05026576484663578	0.021797178504742904	0.04717461283941278	0.02045673551551734	0.01985321151306392	0.00860911987638111	0.3058882817380787	0.1326449821244536	0.12873162896718235	0.05582301004202877
0.01898540422866828	0.008551265498389818	0.008257033479568665	0.003719072012502412	0.12007698355765534	0.05408418774127542	0.052223258531626376	0.023522014254542582	0.04661288006741155	0.02099502903915775	0.02027263189448211	0.009131049072901503	0.29481247625888146	0.13278725732479574	0.12821831220155575	0.05775114483658517
0.01951766207109145	0.009100490116973822	0.008747180905425077	0.0040785434798109215	0.12055306009786336	0.05621021247296377	0.05402795793562091	0.025191587775343603	0.046104094175773026	0.02149693195170634	0.020662354475004474	0.009634225247279965	0.28476718244659666	0.1327782456758569	0.12762338295005	0.05950688822263976
0.02001867449868639	0.009632807577405094	0.009220629197120633	0.00443688451022542	0.12089401210913378	0.05817312010264135	0.05568394939853195	0.02679461968079943	0.04564760747364405	0.021965221483139927	0.02102535121782431	0.010117211433851499	0.2756687217744528	0.13264932961154718	0.1269733950114049	0.06109846491959143
0.02049017182899535	0.010146203721184893	0.009675973832032995	0.004791292260503923	0.12112271584735877	0.05997683965302051	0.05719718891499775	0.02832257024752924	0.04524182324712639	0.022402582038556274	0.02136432537052672	0.010579061970983544	0.2674361419372635	0.13242746821007204	0.12629006397413425	0.06253557694571396
0.020827790680957713	0.010562331642080413	0.010195152971204312	0.005170235694852385	0.12274049472739272	0.0622449990535497	0.060081174171351164	0.030468775914077227	0.04379639553084002	0.0222103276055773	0.021438229280483202	0.010871901439188574	0.25809704625304475	0.13088793910620736	0.1263378775153309	0.0640693284138622
0.02112431401435836	0.010945945415586187	0.010681761881878039	0.005534948137101798	0.12412637945680363	0.06431832878667704	0.0627659874643029	0.032523331752815486	0.04249911405490555	0.022021684696581032	0.021490185016976814	0.011135528093683346	0.24972461373995608	0.1293993257754046	0.12627623591474077	0.06543231579822831
0.021384438525361735	0.011298185170928522	0.011135323625881051	0.005883200913328222	0.1253096519502128	0.06620569671534828	0.0652513521108936	0.03447468858852643	0.04133709418763813	0.021839906809157077	0.021525088020756943	0.011372495470976298	0.24222926775200312	0.12797862883492572	0.12613383722372584	0.06664114410033611
0.02161254543201346	0.011620556793886771	0.01155606735136479	0.006213425317852744	0.1263172340324736	0.06791780249756058	0.06754088585767203	0.03631514402074678	0.04029790390501778	0.02166723408290481	0.02154698959963401	0.011585308966381562	0.23552615653722367	0.12663686871573157	0.12593408474323697	0.06771179214629879
0.0218126377926307	0.01191479934872294	0.011944767876083147	0.006524635574276315	0.1271734080280769	0.06946640995706288	0.06964113434364153	0.03804033927534789	0.03936977012105317	0.02150509790962438	0.02155918829723611	0.011776356675655611	0.2295361013727467	0.12538036972623146	0.1256957308943551	0.06865925280725504
0.021988314718555193	0.012182779728539242	0.012302603492881	0.006816343606126764	0.127899746528942	0.07086375009828337	0.07156073071201469	0.03964872390798089	0.038541701150871244	0.02135429938557403	0.021564329657340866	0.011947867836696668	0.22418606751297995	0.12421186042117568	0.12543354652428176	0.06949733471775656
0.022142771687848985	0.012426411996768309	0.012631034866090626	0.00708847317780544	0.12851518554388897	0.07212207513686476	0.07330969276613888	0.041141030513738804	0.03780354638038663	0.02121515991240649	0.021564505072983606	0.012101891683702128	0.21940928831228684	0.1231313880178048	0.12515896427444234	0.07023858065684234
0.0222788180990951	0.012647597894584583	0.01293170524961892	0.007341278489773737	0.12903618824976854	0.07325333936360294	0.07489885439874941	0.04251978668648029	0.037146010778840416	0.021087645028070885	0.021561344073752393	0.01224029069669009	0.2151451490050574	0.12213705958203286	0.12488066648974298	0.07089426591413953
0.0223989052105961	0.012848184738839051	0.013206360637387714	0.007575270291184644	0.12947695940662163	0.07426898226670825	0.07633941945284695	0.04378887962443406	0.036560638338560505	0.020971464057158093	0.02155609707226775	0.012364743492098252	0.21133891328771753	0.12122563022149695	0.1246051036579627	0.07147444824411975
0.02250515942877542	0.013029937127337634	0.013456787599090494	0.007791151042808982	0.12984968177883666	0.07517979132463781	0.07764262204128611	0.04495318003862042	0.03603977526955813	0.020866148819425293	0.021549707410705846	0.012476753766738274	0.20794135517872894	0.12039296112196678	0.12433693964990729	0.07198804840157585
0.02354175603775851	0.014549033460953001	0.014039779604749088	0.008676719906802197	0.12885497740145468	0.07963362524092343	0.0768462420895769	0.04749172261051947	0.03626447164775497	0.022411795050493788	0.02162732417244221	0.013365896008397295	0.19849231583032234	0.12267017550116346	0.1183764016169507	0.07315776381973794
0.02451945264105854	0.016054803279650094	0.01458895710585939	0.009552531201190555	0.12773466078403134	0.08363787238245318	0.07600151252924882	0.049764134235595	0.03649638213613705	0.02389703572066853	0.021715172899559886	0.014218622013699724	0.1901287545137708	0.12449216531090132	0.11312570002264642	0.07407224322352932
0.02544073966439535	0.01753130392341294	0.015106027005536997	0.010409616780127785	0.12654766077897106	0.08720444181966878	0.07514059757822315	0.05177965226279534	0.03673722785172489	0.025315753994119044	0.02181357788167561	0.015031813875910837	0.18273880042278015	0.1259259554192604	0.10850538508553066	0.07477144565586691
0.026308045074790225	0.018965409774108558	0.015592579748963427	0.011240655226713614	0.12533803219511044	0.09035590193429209	0.07428690566039675	0.05355326109160556	0.03698710223282861	0.026663917756269605	0.02192197632355023	0.015803502801233934	0.17621570121546107	0.12703349764994837	0.10444171607621816	0.0752917952385093
0.027123670114580823	0.020346726683044134	0.01605006867472248	0.01203990312480298	0.12413780536209054	0.09312154240430753	0.07345688443983193	0.055103426061864864	0.03724499566286667	0.027939203797355424	0.022039227569627503	0.01653264981362394	0.1704604134609127	0.1278702855593069	0.10086766764275402	0.07566552962830739
0.027889783022585764	0.02166739800255356	0.01647982060269224	0.01280306955848483	0.12296954840094668	0.09553427307913692	0.07266159423329195	0.0564503381212329	0.03750921351173828	0.029140673387936678	0.02216385509779474	0.0172189604087612	0.16538282290248887	0.1284848807791774	0.09772321462639866	0.07592055426477934
0.028608440886843767	0.022921847859535553	0.016883060228547162	0.013527159326606298	0.12184853978803198	0.09762830844138222	0.07190801638365088	0.057614625625579854	0.03777769403624468	0.030268498678692538	0.022294227295792758	0.01786273108140866	0.16090205240762775	0.12891902708583983	0.09495515859950562	0.07608061227471055
0.029281620748258283	0.0241064948898801	0.017260937585257485	0.014210303018090249	0.12078454053353296	0.09943752547649946	0.07120010307275518	0.058616458960332705	0.038048240061342005	0.03132373417759771	0.022428686669155172	0.018464723152623687	0.1569462029929512	0.1292081088325928	0.09251668947544925	0.07616563035368182
0.029911249306378975	0.02521945963789355	0.01761455273118967	0.014851586341097681	0.11978320151435969	0.10099436452641988	0.07053959858959942	0.05947496680201272	0.03831868052437764	0.03230812618233859	0.02256563782316892	0.01902605894041898	0.1534517727428066	0.1293817837366325	0.09036681534048306	0.0761921452608221
0.030499226166645365	0.026260281171025343	0.01794497508192068	0.015450886808847607	0.11884715978120723	0.10232914812918859	0.06992666991542193	0.06020788866245635	0.03858697725983046	0.03322395351431184	0.02270360374492281	0.019548135899567113	0.15036291828571638	0.12946467855624053	0.08846974697452922	0.07617375004816859
0.031833403165976576	0.02704428767376877	0.01889552023596475	0.01605281981139616	0.1182282382564509	0.10044161693612765	0.07017735605550662	0.059619657862345195	0.040140176256514434	0.03410136416445742	0.02382621514814381	0.02024172575215587	0.14907932706306784	0.12665137265671242	0.08848979880024054	0.075177120161171
0.03308744764576159	0.027782220268894407	0.019792956674848032	0.016619362363653092	0.11759102447205384	0.09873652928759646	0.07034311251942398	0.05906432757633995	0.04159918758291997	0.034929191420535105	0.024884691208361693	0.02089469033319907	0.1478412943014453	0.12413648363255782	0.08843886552357884	0.07425861518883092
0.03425997001269229	0.028473383985479703	0.020635170486265297	0.01714984375770321	0.1169509495517797	0.09719767100848682	0.07044089010111597	0.05854326525636197	0.042962799417032266	0.0357062859202477	0.0258769838446806	0.021506303044710236	0.14665921147517438	0.12188814064324259	0.0883345149178558	0.07341461657717137
0.03535102356483442	0.029117857495036113	0.021421265710156234	0.01764422354469254	0.11631991124303545	0.0958101423342993	0.0704850800585446	0.058057004004617316	0.04423138446327678	0.03643241467245703	0.026802399019032933	0.022076544225939496	0.14554007765825863	0.11987814817575035	0.08819129859921873	0.07264122523085015
0.036361868629447056	0.029716368052526167	0.02215138263419373	0.018102992613997792	0.11570683231788673	0.09456023424950538	0.07048775029092831	0.057605398451483235	0.04540663853342021	0.03710811444916799	0.02766138986244976	0.02260599009290997	0.144488127506478	0.11808145560279819	0.08802110340122084	0.07193435331158665
0.03729473825369117	0.030270166944657565	0.02282651305132693	0.018527073608290694	0.11511816767548474	0.09343532940749676	0.07045890331806305	0.05718776605072879	0.046491320940752444	0.03773454680875648	0.028455347695662693	0.02309570104385266	0.14350538253161252	0.11647573062827232	0.08783350254427132	0.07128980949707982
0.03815261706693785	0.030780911836434055	0.023448322796724055	0.01891772602261852	0.11455835542174155	0.09242382068251968	0.07040673755821163	0.05680301242947479	0.047489009631313354	0.038313361730766986	0.02918640221136333	0.023547115305733415	0.14259212767568977	0.11504101285776432	0.08763609144151481	0.07070337533119178
0.03893904090454481	0.03125056011096547	0.024018988578386122	0.019276459536162846	0.11403021071198471	0.09151504175607514	0.07033789906115664	0.056449740199768055	0.04840387945777488	0.03884657427252066	0.029857238412622982	0.023961951863385483	0.14174731697624743	0.11375942875925535	0.08743479829961572	0.07017087109953364
0.03965792136177737	0.03168127540561993	0.02454105324642249	0.0196049575960188	0.11353526386107772	0.0906992055841659	0.07025771548497672	0.0561263414021122	0.04924050818357646	0.03933645655922124	0.0304709347267689	0.024342124897041458	0.14096891358164104	0.11261495361971856	0.08723416395776361	0.0696882105320976
0.040313396770643696	0.03207534810262139	0.025017301350007647	0.019905012072165863	0.1130740461535558	0.08996734788640501	0.07017040770794393	0.055831074383048795	0.050003711831636925	0.03978544582953316	0.031030824185521222	0.024689670615566518	0.140254170385785	0.11159320966087355	0.08703758867304387	0.0692514443916476
0.04152034575185881	0.03355220329750826	0.026305240767904883	0.02125701918065395	0.10822139379396993	0.08745269674331692	0.06856373106818789	0.05540571018805965	0.05235797005614086	0.042309986194896794	0.033171424358475636	0.026805517959677998	0.13646929940232572	0.11027956522280082	0.08646020916251071	0.06986768685171112
0.0426103934860367	0.0349006327663322	0.027489100249687762	0.02251532817235381	0.10399884439581152	0.08518169346571655	0.06709242571028998	0.05495298023672509	0.05450921645588274	0.04464652847035286	0.03516534800784496	0.02880266518365405	0.13304020584063928	0.10896842266248855	0.08582778182489367	0.07029843307129027
0.043588196141662865	0.03612249652726482	0.0285685248026103	0.023675364647287755	0.10032570781822192	0.08314211995561721	0.06575535869456979	0.054492911529856136	0.05646029950176238	0.046789891603964365	0.037005143810875996	0.0306669763175088	0.12995306097856374	0.10769495894368343	0.0851736840330643	0.07058530469348631
0.04446043478140543	0.037222589535712225	0.029545968429697065	0.024736093128663754	0.09713130218221515	0.08131901116068069	0.06454814042914715	0.054040158363285046	0.05821867624155822	0.048741086309807356	0.038688941723332815	0.03239065484669976	0.12718849607454483	0.10648310585184237	0.08452250429208157	0.0707628366493265
0.04523500502807314	0.03820773214637957	0.03042592431769959	0.025699246986160912	0.09435372518851347	0.07969584300429539	0.06346410926443137	0.053604939055032726	0.05979499336591396	0.050505821515915095	0.040219249265023106	0.03397117568778424	0.12472377019069726	0.10534789154495096	0.08389157887979033	0.07085899455933893
0.04592037184526572	0.03908599412490776	0.031214245699021828	0.026568596354499634	0.09193882220752123	0.07825546963693843	0.0624951599985818	0.05319393895090102	0.06120187476420514	0.052093134731740764	0.04160180502387673	0.035410164190916624	0.12253446687395127	0.10429753200763198	0.08329246480168684	0.07089595878835331
0.04652509003109999	0.03986607511565439	0.031917586083290324	0.027349305148173877	0.08983928716284315	0.07698082406668413	0.06163240478986107	0.05281111927496736	0.0624529519344561	0.05351422364468479	0.04284456984803533	0.036712338196829335	0.12059576196964508	0.10333520477010838	0.08273225503428715	0.07089100292937972
0.04705747139460297	0.04055683780876187	0.03254296304465761	0.028047398955016574	0.08801386126824808	0.07585541234135669	0.06086667536068924	0.05245840474218839	0.06356213193887424	0.054781504390813966	0.043956890360319543	0.037884578582041514	0.1188833249341097	0.10246049319326592	0.08221469482528274	0.07085735685977092
0.04752537132150817	0.04116697543273481	0.03309743521069539	0.028669345747722813	0.08642661193784255	0.0748636383356249	0.06018888668415522	0.05213624534752287	0.06454307466811898	0.055907888677834396	0.0449488383304935	0.038935155514376145	0.11737392286490597	0.10167052386262046	0.08174109321873478	0.07080499284510909
0.04793606649849936	0.04170478936726549	0.0335878752277285	0.029221739787728775	0.085046283138277	0.07399099642148778	0.059590286714908965	0.05184406100275324	0.06540884195439804	0.056906254011274034	0.04583071125419332	0.03987311223101569	0.11604579388621071	0.10096083689163421	0.08131104469897972	0.07074130691364539
0.04816080918992745	0.04170464311726485	0.03516151872862091	0.030447964116534148	0.0833101847080623	0.07214209187352708	0.06082357562443219	0.05266991060157339	0.06531341443163816	0.05655786697643708	0.04768439076078746	0.04129209065197266	0.1129813371439782	0.09783569719352732	0.08248606011386266	0.07142844476785414
0.04833868992302627	0.04168953781232342	0.03657351076467321	0.03154269928252546	0.08178814239687143	0.07053790370578163	0.061881683412146005	0.05336964623180621	0.06520656048899194	0.05623717509610147	0.04933590144393714	0.04254957947820429	0.11032825802636069	0.09515222882709401	0.08347540529129277	0.0719930778188641
0.048480401901858566	0.041665570072740514	0.03783368248216608	0.03251544720610234	0.08045759246052676	0.06914776538639957	0.0627884028806781	0.053962312550054625	0.0650964247488198	0.05594589855809037	0.0508006816786857	0.04365969090996994	0.10803337859451831	0.09284725640552585	0.08430830568390874	0.0724571884799548
0.04859415318772765	0.041636987234509676	0.03895332653751927	0.03337642603871908	0.07929697941665373	0.06794412708358959	0.06356487210967485	0.054464366492184835	0.0649883738934381	0.05568406725268337	0.05209501932534582	0.04463663861476148	0.10604941971190134	0.0908664529601627	0.08500976772233156	0.072839022418797
0.04868621942119717	0.04160667432088851	0.0399443811640989	0.03413600147643647	0.07828627834861772	0.06690253886559158	0.06422961116004097	0.05488987530893846	0.06488576893837503	0.05545062008047392	0.0532352258485625	0.04549420206810592	0.10433476717566038	0.08916327309516713	0.08560097206721282	0.07315359066063262
0.04876138938469332	0.04157652863459859	0.040818846548829786	0.03480429831438408	0.0774072373131926	0.06600148722766676	0.06479868973232976	0.05525077552417702	0.06479055101012754	0.05524383602099714	0.054237083743284696	0.046245394025168224	0.10285304871291859	0.08769792614463093	0.0860997372197487	0.07341317044325257
0.0488233162205462	0.0415477422823943	0.04158838537617742	0.0353909494747341	0.07664344169873263	0.06522215633510346	0.06528595836310891	0.05555714733666713	0.06470367704897802	0.055061636669876644	0.05511549941042739	0.046902274211071085	0.10157262725037998	0.08643643379079911	0.08652098818273117	0.07362776634827249
0.04887478999369772	0.04152101199016611	0.04226406431100875	0.03590494652226287	0.07598027050367337	0.06454815914310602	0.06570330101365496	0.055817478694706144	0.06462543869635726	0.054901793242021116	0.05588430553956744	0.047475864769335914	0.10046607492740016	0.085349790806332	0.08687719481462301	0.07380551503208714
0.048917946896030885	0.041496692919451496	0.042856200210664934	0.03635456295040851	0.07540479123309407	0.06396526561315963	0.06606088429666035	0.05603890603733319	0.06455569234782038	0.05476206405909983	0.056556169086089715	0.04797613412218785	0.09950966492402422	0.08441323215477779	0.08717876349030065	0.07395302965889648
0.0489544285702132	0.041474910125635325	0.04337428206747395	0.0367473281387054	0.07490562375021649	0.06346114342830239	0.06636738999663942	0.056227426522519844	0.0644940227998561	0.05464028234806662	0.05714257153619704	0.04841202497976863	0.09868290054811008	0.08360560118273377	0.08743437700373026	0.0740756870018315
0.04812055442583284	0.04182726327412193	0.044057890504923536	0.03829592172077264	0.07279198397686666	0.06327211966642611	0.06664639046567748	0.05793025773579445	0.06302715587468151	0.054784353040915695	0.05770597545053963	0.05015908599681443	0.09534120658581523	0.0828723150911269	0.08729185460319937	0.07587567158649168
0.04739581058678396	0.04212005500542088	0.04464166315633182	0.039672479157946514	0.07098629059074354	0.06308461501756947	0.06686131187622524	0.05941879881565926	0.06176559432118918	0.05489029933325864	0.05817642576844189	0.05170065081804583	0.09250839626354042	0.08221103702718609	0.08713277848825286	0.0774337937734044
0.04676724314858359	0.04236426232853312	0.045140599603251674	0.04089076187757605	0.06944243169844605	0.06290465708781705	0.06702710687513856	0.060716727085226886	0.060680972708024354	0.05496806040043777	0.05857038619629922	0.053056178608181744	0.09010226002171078	0.08161943110108391	0.08696835154610338	0.07878056971358598
0.046222938313022495	0.042568703621542754	0.045567458574368065	0.04196504397239307	0.06812128202362401	0.06273583572609448	0.0671552655442028	0.06184618935771503	0.059748565135914575	0.05502503851786996	0.058901280750940005	0.054244737671937326	0.08805474088573494	0.08109342036744889	0.08680605136815825	0.07994344816903341
0.045752144176953974	0.042740469482038246	0.045933048847844445	0.042909465945579886	0.06698970657853683	0.06258005086181012	0.06725458489275896	0.06282749333055386	0.0589469611373201	0.055066726136468014	0.05918003831427811	0.0552844608054751	0.08630938945752349	0.08062799880712021	0.08665065809040291	0.08094680313533587
0.045345282003057416	0.04288527424658454	0.04624650873785945	0.04373760891014961	0.0660196599310431	0.06243805522299172	0.0673317850281675	0.06367899677523992	0.058257700753778285	0.05509718681720364	0.0594155587515268	0.05619223034937747	0.08481926723643685	0.080217772966627	0.08650503007400485	0.08181208219595168
0.044993894936798964	0.04300773814631003	0.04651555951530032	0.04446223218001454	0.06518739789293476	0.06230984321221151	0.06739199374927674	0.06441712202061824	0.057664910847537026	0.05511941985562241	0.05961510103183625	0.056983523172298114	0.08354523415141436	0.07985731305998851	0.08637068021891708	0.08255803600892118
0.04469056434197362	0.043111611504596074	0.04674672745135354	0.04509512875184668	0.0644728011247363	0.06219492628094134	0.06743912292404643	0.06505644559474794	0.05715496441956284	0.055135634510235135	0.059784600699341287	0.05767236366909523	0.08245455631565919	0.07954137189818157	0.08624819865141531	0.08320098186226745
0.044428812260366185	0.04319995183281364	0.04694553427177127	0.04564706360866163	0.06385880178655713	0.06209252556907591	0.0674761582699208	0.06560982927117893	0.05671617268771732	0.055147455076953136	0.05992892659545939	0.05827134714167423	0.0815197761428348	0.07926501348166329	0.08613755916573385	0.08375507283761822
0.044203000994277014	0.043275263312643336	0.0471166583475935	0.0461277684894732	0.06333090105761993	0.0620017048039408	0.06750538110214414	0.0660885703799579	0.0563385128291424	0.05515607362585022	0.06005208698671598	0.05879170686081611	0.08071779520530327	0.07902368081248085	0.0860383388845407	0.08423255630750053
0.041695426646768306	0.042863891641447785	0.0456790441177967	0.046959145278392504	0.06348798763100602	0.06526716336070741	0.06955368540812452	0.07150284514064982	0.05158101520684891	0.053026512123569014	0.05650911044118106	0.0580927113955585	0.0785403848529986	0.08074138620374258	0.08604420180473014	0.08845548874647816
0.039574998827133875	0.042439606470465255	0.04439644894293678	0.04761005376284418	0.06353627197810455	0.06813529903385444	0.07127694096017113	0.07643627073702493	0.04770882266213061	0.051162191256006025	0.053521222292359706	0.05739531722610386	0.07659484073914799	0.08213910284208646	0.08592644439540553	0.09214616787422474
0.037777521105852266	0.042019641311151344	0.04325844804799966	0.04811603348882607	0.0635145553429592	0.0706467432331068	0.07272952306469808	0.08089647977024876	0.04453380867076123	0.04953460713638352	0.05099496717547318	0.056721303215826205	0.07487376017940046	0.08328149794530029	0.08573677070561488	0.09536433960639804
0.03624953611514943	0.04161488871804036	0.0422522882740513	0.048506117954772	0.06345013794296098	0.07284149571605476	0.0739571814347687	0.08490370374757916	0.0419123069468022	0.04811581544014839	0.0488527872390267	0.05608356747132451	0.07336208796809754	0.08422052953222682	0.08551050362045687	0.09816705187854041
0.03494684346382771	0.041231845465414474	0.04136462534525943	0.04880383093070623	0.06336188154942032	0.07475717545556679	0.07499791774256588	0.08848589022897246	0.03973387606485812	0.046879800155453545	0.047030768276369164	0.05548899921957572	0.07204121743718528	0.08499744326221903	0.08527116252401999	0.10060672287858587
0.03383300046858007	0.040874008286300625	0.04058248692792261	0.04902813477956396	0.06326255852262874	0.07642817088209104	0.075883070337074	0.09167514565041078	0.03791296754721492	0.045803059977557646	0.04547638366607383	0.05494050356320938	0.07089147563041634	0.08564474691024418	0.08503391195659026	0.10273037489412165
0.03287796422919705	0.04054286012582077	0.0398937658982643	0.04919426760824931	0.06316060389926044	0.07788534324993471	0.07663839307034953	0.09450523240607399	0.03638277504785655	0.044864753470488045	0.04414646540674359	0.05443840620903012	0.06989356237308869	0.08618796782043553	0.08480809199955235	0.10457954718565504
0.03205692752434181	0.04023855944818829	0.03928743584675631	0.04931445228761189	0.06306139876088518	0.07915605265036658	0.07728503164702036	0.09700986902198733	0.03509069368819083	0.04404660936324161	0.04300547443438371	0.05398141597667103	0.06902932995642766	0.0866471309519969	0.0845990424424933	0.10619057599943722
0.03134935054869191	0.03996041781094248	0.03875360739628016	0.04939848246078592	0.06296819873543179	0.0802643591088782	0.07784036382041387	0.09922162361826982	0.03399495818800617	0.04333272329033718	0.04202406876100092	0.05356727703807071	0.06828215722875274	0.0870379604086337	0.08440940137831893	0.10759505020718567
0.030738169166896607	0.03970722807445123	0.03828349730370312	0.04945419978242816	0.06288279972675274	0.08123130747159928	0.07831870143980653	0.10117123514026201	0.03306214166693096	0.042709310130691444	0.04117793758268893	0.05319320582672246	0.06763708084534077	0.0873728354097413	0.08424002054623286	0.10882032988575155
0.03203762198760002	0.04084188821731267	0.038535511438795696	0.049125464155530096	0.06316168717859169	0.08051916488568811	0.07597217795085756	0.09685010955855745	0.035121061796413056	0.04477268882558179	0.0422443363343932	0.053853512069392345	0.06924064212455006	0.08826867883141747	0.08328407013644393	0.10617138450887505
0.03319855346152451	0.041839563118519545	0.03874555329195628	0.04883035112959181	0.06335612294393583	0.07984662668901002	0.07394201800813265	0.09318784727013552	0.03699658260800257	0.046626153606090404	0.04317817837213685	0.05441671190395162	0.07060428216954162	0.08898135648271248	0.08240124018086273	0.10384885876389557
0.03423095339526734	0.04271457712721654	0.038921532059654734	0.04856764472418719	0.06348729692589	0.07922166262288079	0.07218679638129746	0.09007720135606596	0.038692767236748055	0.048282184002155636	0.043994736666903934	0.0548981663131201	0.07176251196040014	0.08954776446276574	0.08159594264570601	0.10181826211974042
0.035145539871870635	0.04348050521928646	0.039069773087067786	0.048335392736084656	0.06357163283725889	0.07864800835201614	0.0706698283418315	0.08742958142812376	0.04021742814850766	0.049755220744725256	0.044707971413614676	0.05531072197155917	0.07274571923597226	0.08999778169439991	0.08086826248697784	0.10004663243070328
0.03595317748159943	0.04414992636702792	0.03919532762771033	0.04813123484233315	0.06362172481047347	0.078126459536526	0.06935894190333465	0.08517167027850035	0.041580834429291585	0.05106059900470123	0.045330469868032325	0.05566509129493976	0.07358026719068622	0.09035539015147204	0.0802155158872793	0.09850336932609241
0.036664477907077206	0.04473431059408247	0.039302230660598236	0.047952631368906054	0.06364714113210208	0.07765584408551662	0.0682261077875236	0.08324263894136356	0.04279469208969096	0.05221378175819686	0.04587347087884366	0.05597019817174808	0.07428879293032715	0.0906397179588164	0.0796333520047631	0.09716061173044405
0.03728954057971889	0.04524399456952018	0.03939371116739862	0.04779701831725989	0.06365508985746807	0.07723373619142923	0.06724701310865026	0.08159187398406827	0.043871369337918735	0.05322983242013366	0.04634693872190549	0.056233480253394516	0.0748905970403468	0.09086595632782979	0.07911651640369174	0.0959933317192659
0.03783779741579937	0.0456882129379199	0.03947236115600479	0.0476619085894518	0.06365095659474529	0.07685696994055811	0.06640062895373193	0.08017713191685852	0.044823329282996295	0.054123071445298376	0.04675966262597997	0.056461146495515015	0.0754020577696911	0.09104613657824896	0.07865936865945627	0.09497925963774437
0.038317932605748756	0.04607516239445534	0.03954027009520455	0.04754495459089179	0.06363873133943143	0.0765220011009026	0.06566879929476584	0.07896304382823854	0.04566273108480708	0.054906870152780216	0.04711936677155403	0.05665839277554188	0.0758370318573705	0.09118977253531682	0.07825622414736398	0.0940987154256267
0.03873785491687203	0.04641208290534188	0.03959913102578242	0.04744398356832178	0.06362134280222888	0.0762251560656279	0.06503586466178832	0.07791990416043525	0.04640116345328036	0.05559354408547779	0.047432821339183355	0.056829580294329	0.07620722243960994	0.09130438258501804	0.07790157180806373	0.09333439388863929
0.04029644985895567	0.04632764578653034	0.0434706207011201	0.049976896848508076	0.06282391472741332	0.0722268110119371	0.06777258487121908	0.0779161518431781	0.04715034121961113	0.054207363536535526	0.05086439639869616	0.058477303776197594	0.0735094289079405	0.08451163306785309	0.079299802171105	0.0911686552731991
0.041635433249555466	0.04619389885696229	0.047046811738150236	0.05219774344483043	0.062041353362477014	0.06883396613162228	0.07010489969275567	0.07778035180693643	0.04774274071162354	0.052969866372423555	0.053947889065068276	0.05985438691321877	0.07114191004640448	0.07893089949315725	0.08038826036910154	0.08918958874571277
0.042781951528524376	0.04603261763733921	0.05031288651937039	0.054135769515629206	0.0612978922375247	0.06595543995844742	0.0720882004171059	0.07756561931851103	0.048210492081916495	0.051873630557389805	0.05669701662728551	0.061004979771471374	0.06907589398732801	0.07432443126761037	0.08123536891699074	0.08740780965755551
0.04376144260067912	0.045858919410116515	0.053268082430896	0.0558212105030558	0.060607046218189166	0.06351192929279736	0.07377318803913296	0.07730912154302395	0.04857962594941646	0.05090803728104982	0.0591329573649716	0.061967187668534617	0.0672799492019702	0.07050466312374266	0.08189569783472876	0.085820941537695
0.04459697858497837	0.04568301441501309	0.055921595620491774	0.05728341111659857	0.05997511023678008	0.061435637848607234	0.07520473288487149	0.0770361357532414	0.0488709654931779	0.05006108243064817	0.061280886208130714	0.06277321237528338	0.06572287262120678	0.06732337105819015	0.08241203826705379	0.08441895508572725
0.04530903790428224	0.04551156381141147	0.05828922276555692	0.05854976852557485	0.05940366879391649	0.059669195992589505	0.07642169958971266	0.0767632953231392	0.04910102709500315	0.049320502734154885	0.06316754534502676	0.06344989661563097	0.0643752612261276	0.06466301084032261	0.08281755949282754	0.08318774394472314
0.04591553175573242	0.045348703759226165	0.0603907476070604	0.05964522283222533	0.058891349750063306	0.05816433506649252	0.0774572895706729	0.07650107805393119	0.04928283934050539	0.048674441876350345	0.06481962416998895	0.0640194248409683	0.06321026496476402	0.06242993320166439	0.08313777520796967	0.08211143800238482
0.046431968946364116	0.04519680265039946	0.06224799141855152	0.06059209306368084	0.058435024346581155	0.05688055715049592	0.07833962195897075	0.0762556599199259	0.04942664585817388	0.04811181625968927	0.0662627387346303	0.06450004153654529	0.06220385048561247	0.06054912635173381	0.08339221530110179	0.08117384601754345
0.04687168578423473	0.045057012812987844	0.0638834142792568	0.061410119298206035	0.05803061245274201	0.0557839131467334	0.07909239008946482	0.07603026804018828	0.04954048736496995	0.04762248971032093	0.06752083747320964	0.06490671688615361	0.06133478612718244	0.058960163223825204	0.08359578893597885	0.08035931437454537
0.04724609687468813	0.044929667701513076	0.06531915183324895	0.062116618737765875	0.05767361180085216	0.0548459319344664	0.07973550526265749	0.07582615268654605	0.0496306726700443	0.04719733011558696	0.06861589968625957	0.06525173032009003	0.06058447868358845	0.057614081906972335	0.0837598663942051	0.07965320339151527
0.050428976242264396	0.04696233776458663	0.06737122002235157	0.06273992109421986	0.05918060161237718	0.05511235026228048	0.07906306313117349	0.07362803197970058	0.05155353698547377	0.048009592842811505	0.06887359097859083	0.06413901458276626	0.060500322659520225	0.05634134974212759	0.0808261609305035	0.07526992916925213
0.05330515467545983	0.04875301716462223	0.06913513381132613	0.06323115251992205	0.060465870213655994	0.05530222407847766	0.07842235997044926	0.07172527094250504	0.0532326698817116	0.04868672240541373	0.06904112327996983	0.063145170271549	0.060383648219217975	0.05522702365310507	0.07831572059153148	0.07162773832108305
0.05588451603703841	0.05032358751164423	0.07064918176095679	0.06361905824892927	0.06156169479470181	0.055435844399422826	0.0778262687679155	0.07008197126465615	0.05469421937419325	0.049251734294953456	0.06914440921846803	0.06226402186144647	0.060250478646302834	0.05425510409298617	0.07616862986244938	0.06858927986393532
0.058183195963976066	0.05169632069248144	0.0719477386644482	0.06392624725185318	0.062496162361717164	0.055528432186864936	0.07728103419956028	0.06866493084877416	0.05596326146696275	0.049723887865914855	0.06920262876807542	0.06148719110878989	0.06011166999310236	0.05340978813278087	0.0743324365685417	0.06604507392615676
0.060221073548419456	0.05289283262796689	0.07306110831356726	0.06417037667945558	0.06329342519462376	0.055591312940947095	0.07678853134298602	0.06744421340822393	0.05706310918653182	0.05011915772321602	0.06922981865532579	0.06080531274581959	0.05997434817840759	0.05267613101618611	0.07276177739965306	0.06390747103867005
0.06201989976204422	0.05393345892899487	0.07401568290360548	0.06436517648850094	0.06397409538512255	0.055632857505595254	0.07634785570821066	0.06639326983684701	0.058014984691894186	0.0504507231735553	0.06923614399713489	0.060208815928411444	0.05984298876144025	0.05204038363391023	0.07141771749333756	0.06210594580139517
0.0636019553153327	0.05483692331174054	0.07483426319552607	0.06452129862357213	0.06455568273905342	0.0556592168612954	0.07595642191988686	0.06548881183297399	0.058837923979861394	0.050729426620754525	0.06922888875282482	0.05968840493462765	0.05972021354747253	0.051490127217425886	0.07026699346815832	0.06058344767949394
0.06498912787395217	0.05562020175281634	0.07553644395935304	0.06464700158552883	0.06505302360851589	0.055674886186410706	0.07561070955932347	0.06471056094982221	0.05954882311296429	0.0509641791486996	0.06921321284141599	0.05923533655762643	0.059607370071812354	0.05101428589377639	0.06928126159388724	0.05929357530409522
0.0662023096224064	0.05629851245829406	0.07613900935735164	0.06474869217276136	0.06547867475338691	0.05568313261851035	0.07530675981231563	0.06404094630034605	0.060162564713541276	0.051162307151620325	0.06919272309098157	0.058841563159640745	0.05950494823634174	0.050603069420405794	0.06843640103217992	0.05819838609991599
0.06726103233557978	0.05688538280723853	0.07665630844501228	0.06483134883699357	0.06584326185544614	0.05568631681472117	0.07504049840678506	0.06346479275873199	0.06069218484773039	0.051329842088143514	0.06916989942523186	0.058499789118774716	0.05941287667977637	0.05024787928835468	0.06771189264011998	0.05726669365135994
0.06726666791061368	0.05312340721181234	0.07904139278597523	0.06242241850210095	0.0654914327977102	0.05172142699294975	0.07695541082485118	0.06077502800991032	0.0628940021904393	0.04967012330658556	0.07390331178024817	0.05836465292469451	0.06123416612976411	0.04835927872791147	0.07195292895161613	0.05682435095281702
0.06718063077895833	0.050004813992925556	0.08105155391343535	0.06032941087758205	0.06510120434220053	0.04845702661766004	0.07854278401958835	0.058462048656681864	0.06477132705377091	0.048211487803017344	0.07814479628833376	0.05816581293751555	0.06276647523475995	0.046719208836139565	0.07572599858707861	0.05636542006035216
0.06704072712879429	0.04740767786705941	0.08274860409022003	0.05851546268466821	0.06470283379245641	0.045754442603609426	0.07986293416420433	0.056474868613837256	0.06637165046183034	0.04693454202181633	0.0819227604188911	0.05793146945524371	0.06405708965704733	0.045297806298081236	0.07906588991822096	0.05591124082401957
