0.010865225445984046	0.0023420268070129253	0.0021402577167973203	0.0004613379604109654	0.11033965882173621	0.023783992345292944	0.021734966056253448	0.004685026869099751	0.05074561612121308	0.010938345815750768	0.009995991066821747	0.002154661139572698	0.5153371181619634	0.11108221834736139	0.10151232014296614	0.021881237181763127
0.011850255730527387	0.0028835320811933063	0.0027183133835714736	0.0006614493413904278	0.11139934174929354	0.027106889763602517	0.025553737276577792	0.006218011062966155	0.05105201862358337	0.01242252799081403	0.011710750268901643	0.0028495861070939286	0.47991886411271234	0.11677903604003236	0.11008790873477188	0.026787777732967803
0.012757691696819439	0.003452200926596496	0.0033471875737718323	0.0009057409693125106	0.11160804548778791	0.030200870753493862	0.02928218300516064	0.007923688838505605	0.05119781561396819	0.013854006720222042	0.013432578267278467	0.00363482362192837	0.4478935743010386	0.12119893229620396	0.1175121520334624	0.03179850789444964
0.013587780269349422	0.004031618681538203	0.004007358174441766	0.0011890198221808457	0.11120430531306505	0.032995334475562375	0.03279678307241025	0.009731105501267863	0.0512569555205127	0.015208407505780642	0.015116890001928136	0.004485319524632673	0.41949413503388994	0.12446774661298793	0.12371875448637393	0.03670848600407823
0.014345769994072203	0.004607256523085269	0.004679217347095688	0.0015027673421676563	0.11040300936660305	0.03545679216122295	0.03601059244733751	0.011565084134327854	0.05128875385666344	0.016471785471582852	0.0167290585905244	0.0053726683439172225	0.3947109687927788	0.1267645226749957	0.1287444600761959	0.04134729287742962
0.015039125870428894	0.005167358053055391	0.005345143059950891	0.0018365607332191762	0.10937836846770277	0.03758178487241592	0.038874801112840175	0.013357160404272388	0.05133524868723937	0.01763849927150338	0.018245358847018243	0.006269001455357618	0.3733571880886115	0.12828340484398	0.13269704635683777	0.04559394987556648
0.015675520912781737	0.005703135952588931	0.005990705157926037	0.0021795643128943365	0.10825978780871139	0.039387545173575046	0.04137358323402184	0.015052716355791449	0.05142211292032429	0.018708615974277493	0.019651960455875854	0.00714986142013143	0.3551363341865498	0.1292072401829056	0.1357222564287188	0.04937905952292596
0.01626171280082879	0.006208537555136758	0.006605077573508806	0.002521743722323703	0.10713596066552426	0.04090329496310262	0.04351579318705655	0.016613836411477838	0.05156156374980418	0.019685620381016802	0.02094294325266394	0.007995778260985839	0.33969962041577806	0.12969346320699807	0.13797699984120712	0.05267805401258677
0.016803128672796673	0.006679815360759183	0.007180890328493051	0.0028546482297580017	0.10606270470500151	0.04216353382088437	0.04532635946917361	0.01801877008295776	0.051755926820012045	0.020574741865920843	0.0221181210702567	0.008792705677212537	0.3266875883615409	0.12986943166362072	0.13961136579891828	0.05550026807269382
0.017303895386105536	0.0071150575863927305	0.007713771092557331	0.003171767067886172	0.10507144417153902	0.04320353072443096	0.04683899495569492	0.0192593713127812	0.05200099735060767	0.021381895951389042	0.02318112663055957	0.009531671754461192	0.3157566413846904	0.1298335800470684	0.14075873658783125	0.05787751799600465
0.017767085731969993	0.007513757111753678	0.00820176853318909	0.003468554020331953	0.10417669810475977	0.04405665724093191	0.048090788624365964	0.020337747590533358	0.05228879366592649	0.022113097285584662	0.024137924980905754	0.010208005309610649	0.3065935491151205	0.12965938786102243	0.14153189563814528	0.05985428918584837
0.018195024959197316	0.007876446782703333	0.008644777361244626	0.003742238825550129	0.10338198284710082	0.04475304035095214	0.04911860395252921	0.021262959019861954	0.05260960472320441	0.022774178809351737	0.024995751361434213	0.010820414142520987	0.29892156044214696	0.12940019419072432	0.1420229070470144	0.06148031518446351
0.01858957170854039	0.00820440329175688	0.009044026449041516	0.0039915303877153495	0.10268412666777109	0.04531906383067444	0.04995693133981131	0.02204821167246794	0.052953394839692525	0.02337068404501651	0.025762395767122317	0.0113700889912497	0.2925012576115138	0.1290937907777843	0.1423050058222211	0.06280551679762095
0.018952337251688232	0.00849941183613963	0.009401653178748984	0.004216288537162926	0.10207624958194428	0.045777366261685666	0.050636788677416326	0.02270869894902257	0.053310690853371	0.02390784370363399	0.026445742256842413	0.01185992269809795	0.28712845875776266	0.12876633570040935	0.14243531819531938	0.06387689356075459
0.019284836556329607	0.008763581559631663	0.009720365799655722	0.004417212364020682	0.10154972402970998	0.04614710040673678	0.051185316584852585	0.023260072504980384	0.053673084092735704	0.02439058524710572	0.027053483676315396	0.012293877107905202	0.2826307011480367	0.12843547797420948	0.1424577176657684	0.06473686328200602
0.019588579402717785	0.008999202600318428	0.010003185346070906	0.004595570190523297	0.10109540461466876	0.04644430866499411	0.05162579936022601	0.023717443633590112	0.05403346242548614	0.024823549761662546	0.027592952424978	0.01267649706026526	0.2788632413986148	0.12811275159542487	0.14240546149709205	0.065422590023367
0.019865115167644005	0.009208637089856518	0.010253254875653647	0.004752980405242436	0.10070435704948999	0.04668233078993371	0.051977923671897255	0.024094792893945814	0.054386063409554326	0.0252111058233501	0.028071026274737485	0.013012554496785324	0.2757050992099293	0.1278053603526243	0.14230346156367363	0.0659659369256821
0.020116045224898307	0.009394237836143248	0.010473703324521872	0.00489124273462952	0.1003682566525042	0.04687219896610954	0.052258151720431516	0.024404673018499533	0.05472641619058354	0.02555735801278511	0.028494082250572195	0.013306799750737598	0.27305541046853643	0.12751748366583412	0.14217015961284468	0.06639378057036864
0.020343014929097698	0.00955828949404007	0.01066755234105634	0.005012214454151404	0.1000795763690284	0.04702299864155359	0.05248013251272327	0.02465810996995827	0.05505122023186328	0.0258661511978571	0.028867981236273352	0.013563796847543096	0.2708301998796859	0.12725121931046993	0.14201903419059436	0.06672850839410388
0.020547694426318566	0.009702967843605036	0.010837656098998854	0.005117723986295259	0.09983164582021535	0.04714218681036068	0.05265510683333615	0.024864629471569682	0.055358193758547565	0.02614107270503539	0.02919807223960037	0.013787822135082157	0.26895959604458325	0.12700725723791875	0.14185978952087686	0.06698858506765622
0.020731754875649093	0.009830313446504054	0.010986665829162339	0.005209514075410833	0.09961863515435873	0.047235866647763115	0.05279228224349323	0.025032356649142568	0.055645913499454414	0.026385454342757915	0.029489209188705408	0.013982809045991357	0.2673854667867133	0.12678535730906834	0.14169928155048334	0.06718911935534198
0.02238008435628347	0.012110928844331816	0.013563003288882765	0.007339586622289899	0.09944725038610736	0.05381564046037418	0.060268020557233945	0.03261389443120929	0.051839596096558714	0.02805287279750823	0.03141635219773318	0.01700088346219255	0.23035236198659528	0.12465462688750578	0.13960044982354727	0.0755444478016462
0.023671465020190848	0.01412192412472054	0.01581961422743419	0.009437666473605276	0.09858623199863546	0.05881458062858847	0.06588507120385098	0.03930572001770814	0.04902015683717626	0.02924444831978223	0.03276011729189531	0.019544032881719846	0.20415772958865197	0.12179643145310114	0.1364383877755979	0.08139642215734133
0.024694735023022406	0.015817580186842258	0.017709350041517778	0.011343270704359315	0.09752395364318521	0.0624664713126438	0.06993741098617953	0.04479661779333577	0.04703194538725622	0.03012510832015646	0.03372804701973789	0.02160363687980141	0.18573761805581096	0.118969475257455	0.13319812870887449	0.08531665067982157
0.02551533961262672	0.017204811610897684	0.01924580889786478	0.012977311743216657	0.09649932543555291	0.06506880723138755	0.07278788384954278	0.04908035120048183	0.0456810588279135	0.03080241232343436	0.03445648546331986	0.023233762519730933	0.17276632131888178	0.11649509887488335	0.13031484803145044	0.0878703730588148
0.026178939755704494	0.018316621294647204	0.02047081326653762	0.01432281588542581	0.09560755286688913	0.06689374570217932	0.0747610246966643	0.05230805333398482	0.044793707050430176	0.03134081731661094	0.03502676659567681	0.02450718115003913	0.16359015127779372	0.11445913686540578	0.12792051436394153	0.08950215857806958
0.026717747163477464	0.01919513883648218	0.021434712432428966	0.015399587343313745	0.09487134815689255	0.06815951540873726	0.07611195859356146	0.05468199108932056	0.04423215679302855	0.03177821788207697	0.03548590962117912	0.025494550784899903	0.15706280627499916	0.11284044100160252	0.1260059864230231	0.09052793219497658
0.027155500700582168	0.01988248313404671	0.022186382265103236	0.01624423633558601	0.09428126534246574	0.06903005356804084	0.0770289679571525	0.05639841346060227	0.043893640705749484	0.03213767187158736	0.03586165110496292	0.026256878159429665	0.1523944644532702	0.11157888055988846	0.12450817536844229	0.09116133501309039
0.02751058908634198	0.02041655031944926	0.0227689684678819	0.016897631271634694	0.09381629138535685	0.06962428277496181	0.07764647182300097	0.057624105907969445	0.04370411651192532	0.0324343216036688	0.03617144102780026	0.026844065154450376	0.14903927053521196	0.11060714683012154	0.12335142808617999	0.0915433192140448
0.027797823196873878	0.020829539746330943	0.023218641984960976	0.017398255347417353	0.09345345965737831	0.07002679809059327	0.0780587172841894	0.058491168272538835	0.043611503851625294	0.0326790895258609	0.0364273089725425	0.02729580926972663	0.14661744867324017	0.10986378152762484	0.12246491480222071	0.0917657397968759
0.028029410535639607	0.02114787088532849	0.023564791465463097	0.017779366666225614	0.09317183599331463	0.07029708866799961	0.07833111163165915	0.05909993123060085	0.04357988325595098	0.03288052537254365	0.036638332429786064	0.027643204365417038	0.14486275871440152	0.10929730090075725	0.12178852979715983	0.09188805808775258
0.028215510688071675	0.021392731504268857	0.023830814775593533	0.018068296819371783	0.09295380173859975	0.07047668726887775	0.07850876265926647	0.05952459620063109	0.0435849433127936	0.03304568895552727	0.036811834546416046	0.027910382389923286	0.14358720011395298	0.10886644772962109	0.12127372096469939	0.09194858033238537
0.028364587329851452	0.021580851769084225	0.024035086474071418	0.018286803626723976	0.092785134263923	0.07059444248698635	0.07862263954726097	0.05981908039176342	0.0436105610668263	0.033180565717565925	0.036953952272762776	0.0281159657641486	0.14265717025440267	0.10853897535174888	0.12088233060956201	0.09197185307331783
0.02848366532454125	0.021725300261023574	0.024191900666638896	0.01845184950318718	0.09265461827671224	0.07067030804135163	0.07869392144993081	0.06002208819467252	0.04364629979547973	0.03329027207472712	0.037069911371583386	0.028274273904745514	0.14197720695927504	0.10829004681339807	0.120584849195174	0.09197348816755892
0.02857854178977178	0.021836208667045262	0.024312304913212318	0.018576474865898793	0.09255352781990109	0.07071802897479736	0.07873703304051202	0.060161162033536594	0.04368561127179337	0.033379174154355006	0.0371641740636336	0.028396293476469044	0.14147878740336528	0.10810069829406395	0.1203586748199033	0.09196330441174135
0.02865397044139725	0.021921390851486894	0.024404799812769384	0.018670611685112228	0.09247512436698212	0.07074703135589691	0.07876175144567857	0.060255772969387854	0.043724563138843	0.03345097463325069	0.03724053573959871	0.02849044397306572	0.14111253525671258	0.10795652371224329	0.12018659616668821	0.09194737445088662
0.028713825546576678	0.021986851851167825	0.02447590717493261	0.018741778036689995	0.09241422389103751	0.0707637457202265	0.07877466420945588	0.06031961393612674	0.04376094996623879	0.033508789074912074	0.037302202993575964	0.02856317454501372	0.1408427526072586	0.10784660967112653	0.12005555071320852	0.09192936006245205
0.028761247055100646	0.022037196109967645	0.024530621754131596	0.018795642666661304	0.09236684404506693	0.0707725312598694	0.07878017630986447	0.06036227120445475	0.04379368039704661	0.03355521829210142	0.0373518647151553	0.028619425514613765	0.14064355553303923	0.10776269919544568	0.1199556422684856	0.09191138367899564
0.02879876733897949	0.022075949446078925	0.02457276525034064	0.018836470222204596	0.09232992545087922	0.07077631978557018	0.07878120465993199	0.060390428204886	0.04382236040021281	0.03359241739119625	0.037391759242859736	0.02866298328081765	0.14049612683792703	0.10769854684877213	0.1198793789586136	0.09189459668072975
0.028828420164750047	0.022105810047824116	0.024605260959470462	0.018867465571778836	0.09230111543247041	0.07077706351204656	0.07877965629358767	0.060408725407309155	0.04384701416847281	0.033622160383165636	0.03742373740022206	0.02869675221608289	0.1403867535232472	0.10764942681147135	0.119821089256776	0.09187954885132477
0.028851833024661017	0.02212884256449918	0.02463034538918628	0.018891036661714673	0.09227860191055597	0.07077604573703782	0.07877675692721164	0.06042037087536374	0.043867900518781505	0.0336458991491281	0.0374493204765366	0.028722962463577827	0.14030541924890652	0.10761176008648356	0.11977647774133943	0.09186642722501619
0.029894993272871907	0.022666237583044972	0.026670219695526	0.020221230039859588	0.09248622915520578	0.07012260628585347	0.08250973759604192	0.06255847921409893	0.043533672975969044	0.03300701778151314	0.03883769472113815	0.029446550052443645	0.13468025291301472	0.10211390858686469	0.12015229108944506	0.09109887903710884
0.030684337379591736	0.02308034604150771	0.028214559470567835	0.021222612303256738	0.09252968524456104	0.06959958522606603	0.08508198416766097	0.06399752460660185	0.043358978186066384	0.03261404045199269	0.03986902025876829	0.02998894101980105	0.130750504873242	0.09834877189114055	0.12022641551342318	0.09043269336575187
0.031280466053555736	0.02339976210781864	0.029364987527355536	0.021966863321752614	0.09249692956775707	0.06919353899278421	0.0868328233481392	0.06495643018930436	0.0432870605843906	0.032381452318749365	0.04063635087726009	0.030398554223256033	0.12800065661472057	0.09575256677125414	0.12016245789142661	0.08988909961047514
0.03172985458425116	0.023645919054960596	0.03021283605608724	0.022515397097269546	0.09243333885272043	0.06888374614789473	0.08801405961249252	0.06559038345950838	0.04327709409643134	0.03225122451226258	0.04120799688657631	0.030709279054833317	0.12607200239619099	0.09395215965587082	0.12004444361838695	0.0894602649142632
0.032068066995610725	0.02383526666604161	0.03083333838764009	0.022917528604835775	0.09236167600086372	0.06864976231665118	0.08880544033333844	0.06600651520498847	0.04330151158947102	0.032184761118248896	0.041634257522201866	0.030945539393445774	0.12471597319295176	0.09269777560885653	0.11991398809065933	0.08912859897419487
0.03232225133447363	0.023980590082730947	0.031285472192979544	0.023211380805158832	0.09229279252542699	0.06847405529522171	0.08933237862323865	0.06627765902539007	0.043342597480983	0.0321568275847078	0.04195232609977727	0.031125354629700883	0.12376023301814355	0.09182044238935738	0.11979045916755769	0.08887517974515197
0.032513069312842265	0.024091871925483982	0.031614086662391135	0.023425734420300916	0.0922313276083597	0.06834252745803619	0.08968114194147658	0.06645286438496283	0.043389510741299084	0.032151210506474535	0.04218979572846318	0.031262233210661176	0.12308503209712375	0.09120482599459516	0.11968174502751978	0.08868302298000962
0.032656195690072026	0.02417690514672769	0.031852630717387656	0.02358198850952341	0.0921787416241497	0.06824422274849712	0.08991051636306065	0.06656494977043148	0.04343600227733734	0.03215769886299076	0.04236718059600114	0.03136640030961129	0.12260693404424616	0.09077163313361745	0.11958996787521595	0.08853803233113007
0.032763485483889514	0.024241757459934208	0.03202573815683641	0.023695896984316307	0.09213493119740529	0.06817078899537381	0.09006029541872627	0.06663576252851122	0.04347877811496982	0.032170020318371455	0.04249975064386554	0.03144563626244453	0.12226764555131915	0.0904660345160693	0.11951450047660123	0.08842897789136608
0.03284388052016863	0.02429113634473805	0.03215140329658335	0.023778984358208743	0.09209908593402097	0.06811592961054784	0.09015727764851185	0.06667977989036848	0.04351637506208038	0.03218444906997628	0.04259887998822692	0.0315058752357756	0.12202633497946506	0.09024994287184324	0.11945354344836151	0.08834712174112312
0.03290411011256952	0.02432868021962822	0.032242702876241223	0.023839648147570076	0.09207013716270511	0.06807492793895957	0.09021943052572817	0.06670655025613156	0.0435484134305631	0.03219887791524281	0.042673044497166905	0.03155164658815527	0.12185433321408941	0.09009680237512728	0.11940493289631662	0.08828576184380514
0.03294922947205831	0.024357191224532993	0.03230911074681717	0.023883993688598965	0.09204698607797449	0.068044263172965	0.09025875004530827	0.06672233826910076	0.04357511483981778	0.032212207137787253	0.042728562510357254	0.03158640685958257	0.12173146544771953	0.08998804006834675	0.11936653638161768	0.0882398040574152
0.03298303105155429	0.02437882057968576	0.032357479438857015	0.02391645523474693	0.09202861254358666	0.0680213116220497	0.09028321058519931	0.06673122881806338	0.043597000465089145	0.032223947231823605	0.042770145774049	0.031612792298038664	0.12164350382452757	0.08991063161500215	0.11933642992726685	0.08820539899046005
0.03300835720186451	0.024395215243912353	0.03239276258029341	0.023940252786847888	0.09201411983299297	0.06800411923190813	0.09029808783141885	0.0667358655654858	0.04361470893466376	0.03223396443981796	0.042801309465027276	0.03163281197955722	0.12158039340923553	0.08985542202295081	0.11931296047358503	0.08817964900043862
0.03302733679215072	0.024407633163796443	0.032418541677667785	0.023957725624483665	0.09200274572490631	0.06799123047212323	0.0903068529416393	0.06673794356014463	0.0436288916606551	0.0322423206478267	0.042824677374154574	0.03164799578858906	0.12153501358513112	0.08981596205625302	0.11929475052744404	0.08816037840303437
0.03304156366499127	0.024417033263796815	0.03243740797591001	0.02397057468494817	0.09199385675171004	0.06798156053223993	0.0903117749809868	0.06673853683745966	0.043640157030575784	0.032249174907599425	0.042842209045736386	0.03165950782385767	0.12150231130697249	0.08978769912012052	0.11928067575252663	0.08814595632056853
0.03305223086104201	0.024424145319146225	0.032451238265207176	0.023980038216115475	0.091986934840939	0.06797430023599621	0.09031432560057129	0.06673831555100965	0.04364904453398953	0.032254724687785744	0.04285536883051039	0.03166823324036883	0.12147869329298154	0.08976741299677089	0.11926983194478051	0.08813516158278552
0.03306023137084197	0.024429523949109484	0.03246139368693964	0.023987018892916073	0.09198156135421377	0.06796884543164708	0.09031545005132496	0.06673768931784861	0.0436560165406673	0.032259172346372794	0.042865251722951234	0.0316748446737738	0.12146159894868556	0.08975282136201441	0.11926149992996979	0.0881270804207235
0.033066233649574665	0.024433590172162217	0.03246886290979868	0.02399217576763068	0.09197740114039217	0.0679647445905535	0.09031574808536952	0.06673690140209086	0.04366145992498029	0.03226270731135947	0.0428726770568891	0.031679852985160434	0.12144919970184521	0.08974230339324245	0.11925511255421431	0.08812102935473666
0.03307073815827234	0.024436663281902648	0.03247436523565478	0.02399599079885424	0.0919741878751573	0.0679616599114063	0.09031559425786413	0.06673609023850295	0.04366569269645408	0.03226549780314999	0.04287825829910632	0.0316836459819876	0.12144018692724454	0.08973470572776056	0.11925022555249645	0.0881164972541857
0.036876403124627435	0.029756977349876614	0.034970008351587534	0.028218634635443433	0.08924870627792345	0.07201818795185949	0.08463482713754766	0.06829507274967378	0.046175038987067804	0.0372604015804952	0.043787933805676846	0.03533415528759183	0.11175337459027501	0.09017806387505928	0.10597607444339083	0.0855161398519037
0.0397445547867374	0.03402400183518814	0.036824718098452724	0.031524425997096296	0.08689095584205424	0.07438448000977076	0.08050750527608104	0.06891981862566639	0.04802655596517756	0.04111394974896651	0.04449828144124514	0.0380935103574204	0.1049973606701145	0.0898847756956632	0.09728372172000706	0.08328138393035872
0.04184216973589819	0.037263184096218906	0.03817328564482668	0.03399580326543962	0.08504072485593352	0.07573431793771977	0.07758402353077629	0.06909363854695996	0.049371463365073975	0.0439685116733822	0.045042381540771885	0.040113181655728615	0.10034338702473909	0.08936233773587153	0.09154488879620559	0.08152670059445402
0.04334598465685964	0.039633424025105515	0.039139902864792235	0.03578759091117481	0.08366145631881032	0.07649589688849112	0.07554335885474214	0.06907311017323696	0.05033845548401901	0.04602699342882029	0.04545385861240033	0.04156075969259046	0.09715752284718647	0.08883603246562852	0.0877298332689027	0.08021581950723959
0.044410053416733875	0.041325993453327055	0.039826342243419285	0.03706059849505472	0.0826631388315809	0.07692259007502482	0.07413119788730813	0.06898315050041869	0.05102913016640555	0.0474854078511699	0.0457622417906275	0.042584278989775785	0.09498362976097997	0.08838748345653716	0.0851800494560455	0.07926471362559098
0.04515648017020292	0.04251521236117878	0.040310833070032394	0.037952994165372164	0.08195329853543874	0.07715973162213806	0.07315906209582136	0.06887988278592463	0.05152022531288362	0.04850673285023628	0.04599169807943816	0.043301577167407124	0.09350269085999148	0.08803358329237826	0.08346911337308119	0.07858688425847488
0.04567707634824212	0.04334182656441573	0.04065136106132125	0.038573051989896794	0.08145415027686924	0.07728979033895168	0.07249198805114776	0.06878582047301854	0.051868266561570654	0.04921649092357015	0.046161352700070754	0.04380134418962846	0.09249465852184478	0.08776585036277033	0.08231774142347952	0.07810923021320247
0.046038759280206336	0.04391230736450743	0.040889997317863844	0.03900135795205718	0.0811056388116025	0.07735950742749577	0.0720351591858797	0.06870797781428381	0.052114294908468056	0.04970722434496887	0.04628607313372572	0.044148198212154856	0.0918087986264386	0.08756830651132766	0.08154132709665306	0.07777507201236677
0.046289374210693415	0.04430416160444128	0.04105686819682389	0.03929606210023294	0.08086342264377243	0.07739543266217475	0.07172269969168146	0.06864672793768291	0.05228784763649473	0.050045378472636806	0.04637727999812194	0.044388297375957016	0.09134222258693427	0.08742482826362151	0.08101698624152844	0.07754241037720222
0.04646271374478626	0.04457248321679327	0.041173365346875386	0.039498320007372245	0.08069559083491618	0.07741267305037958	0.07150914734722748	0.068599959259572	0.05241005876516442	0.050277873942814535	0.046443660377703797	0.044554204992900207	0.09102483081333577	0.08732169123879739	0.08066249929569701	0.07738092776566452
0.04658245489064241	0.044755844047223686	0.04125459216318267	0.0396368997173252	0.0805795328394899	0.07741981425471874	0.07136325837264383	0.06856493222450108	0.05249598559287889	0.05043749089256698	0.04649176349599347	0.044668708881744235	0.09080891088615695	0.08724807362042883	0.08042265252413233	0.0772690855963707
0.046665098720647405	0.04488098393709089	0.041311169872977706	0.039731748187027585	0.08049938399764417	0.07742170613999842	0.07126361709646038	0.0685390439941378	0.05255632048936568	0.0505469706556553	0.04652648645687303	0.04474767114113641	0.09066200523657666	0.08719578683601671	0.08026027163842353	0.07719173559996845
0.046722103721564184	0.04496632115746262	0.04135054612286833	0.039796622773627124	0.08044408284907976	0.07742105291675318	0.07119556897493555	0.06852009144523293	0.0525986357734727	0.05062201742304584	0.046551463682211976	0.044802093646270955	0.0905620397387396	0.08715878436971046	0.08015028226285568	0.07713829314216912
0.046761407106679115	0.045024488652927304	0.041377931965345276	0.039840978779896105	0.08040594864217412	0.07741932816539068	0.07114909662437666	0.06850631518256242	0.05262828203733327	0.05067344278171894	0.0465693743694624	0.04483958883205405	0.09049400359073573	0.08713266965071868	0.08007574954506314	0.07710139407356224
0.04678849755794156	0.04506412740130453	0.04139696750243053	0.0398712998904696	0.08037966259060222	0.07741730434859748	0.07111735691018589	0.06849635700047597	0.05264903272199653	0.050708675037093524	0.046582181740882946	0.04486541526584175	0.09044768921410602	0.08711427813749599	0.08002522514063415	0.07707592953994122
0.0468071660799539	0.04509113735465774	0.04141019217981922	0.03989202551321905	0.08036154818396951	0.07741535988328488	0.07109567685600968	0.06848919084228929	0.05266354457618913	0.050732811253981894	0.046591316766439364	0.04488320143674792	0.0904161548205872	0.0871013478818821	0.07999096422298274	0.0770583621479863
0.04682002894273271	0.04510954240594871	0.041419375754605484	0.039906192482615066	0.08034906716511134	0.0774136568133326	0.07108086602241077	0.06848405292554162	0.05267368541029742	0.050749345939099896	0.046597817593353484	0.04489544915324767	0.09039467899608923	0.08709227007171966	0.07996772449960463	0.0770462458242896
0.04682889066060633	0.04512208506880681	0.04142575053588354	0.03991587700136871	0.08034046853233621	0.07741224283652363	0.07107074629372545	0.0684803806994036	0.052680766697914085	0.050760673654669616	0.0466024342768109	0.04490388250048102	0.09038004999579273	0.08708590459657857	0.07995195597695405	0.07703789067214492
0.04683499535313893	0.04513063380995636	0.04143017399076302	0.03992249805859306	0.08033454501260694	0.07741110906313844	0.0710638306301876	0.06847776311541387	0.05268570823672739	0.05076843474674514	0.04660570675017477	0.04490968919580306	0.0903700826262767	0.0870814457358252	0.07994125372567895	0.07703212994897048
0.04683920053129354	0.04513646138165226	0.04143324240224788	0.03992702532051631	0.08033046451469536	0.07741022195533193	0.0710591037158897	0.06847590168718241	0.05268915446581474	0.05077375272853488	0.04660802242969655	0.04491368726645264	0.09036328983236266	0.0870783253252262	0.07993398797205013	0.07702815847105278
0.047555638099501495	0.04583924624589335	0.043791837858745235	0.04221129017272718	0.07519819785757534	0.0724841227370039	0.06924662184026718	0.06674735272378855	0.0551398414933834	0.053149718375900115	0.050775787997690044	0.04894317356199639	0.08719085425326786	0.08404393670720697	0.08029011710947098	0.07739226296558169
0.04802130709134354	0.0462963430158755	0.0454068355469577	0.04377578539769368	0.07186525476502403	0.06928379686117674	0.06795262358120804	0.06551171054465893	0.056802695376444765	0.05476229675239764	0.05371013001949507	0.051780818836937734	0.08500685262072165	0.08195333792441327	0.08037874041977865	0.07749147124587301
0.048326572291192096	0.04659609614696015	0.046498664395356215	0.04483364191062522	0.06968942763881643	0.06719399114670398	0.0670534894996554	0.06465244058462997	0.057922027025638104	0.055847957187010355	0.055731179930068694	0.05373555986461535	0.08352657181590488	0.08053565536799356	0.08036725649731723	0.07748946869751237
0.04852851245742556	0.04679440854941623	0.04723140488753276	0.045543651448395374	0.06826296782759521	0.06582367856675089	0.06643838248943544	0.06406429243633885	0.05867244635181209	0.05657586202727902	0.05710420388046431	0.05506365868139704	0.08253200262822412	0.07958282778139572	0.08032602350489121	0.07745567648164621
0.048663119530349394	0.046926583103114594	0.047721038231971845	0.04601811984048645	0.06732482549557373	0.06492234877277799	0.06602146764206913	0.06366550105697474	0.05917448101351885	0.05706284816230794	0.05802890768320107	0.05595815445165623	0.08186716442503601	0.07894574642737082	0.08028227785589764	0.07741741630769364
0.048753350616041594	0.04701516152179482	0.04804737226676977	0.046334353214211886	0.06670643918135039	0.06432817381833536	0.06574048912409307	0.06339666249880369	0.05950995957839739	0.05738826821911261	0.05864821894934273	0.056557250979211014	0.08142409596756643	0.07852110624826789	0.08024502523425735	0.0773840725824441
0.04881406851097883	0.0470747471081181	0.04826452178862028	0.04654478159267851	0.06629818163679405	0.06393587401095685	0.06555179950704722	0.06321608664072467	0.05973398999847172	0.05760557475975333	0.05906150726104789	0.05695705363122494	0.08112937601008229	0.07823860979453245	0.08021602492025641	0.07735780282871262
0.04885502773176028	0.04711492676082905	0.04840887318200993	0.04668466318486893	0.0660283601784946	0.06367658557125387	0.06542537508824071	0.06309507738910389	0.05988353429029707	0.057750623902169354	0.059336665062723636	0.05722323286789666	0.08093356517144075	0.07805090228341632	0.08019446256511309	0.07733812477038202
0.048882699217684775	0.047142060228516754	0.048504771032185576	0.04677758949412632	0.06584990197434737	0.06350508655613551	0.06534079477759379	0.06301410789668686	0.05998333035549177	0.05784741468005088	0.05951957954867771	0.05740017733809287	0.08080356623545525	0.0779262734487597	0.08017884735417503	0.07732379986201983
0.04890140887899351	0.04716039825991548	0.04856845398386959	0.046839297379253984	0.06573181235682403	0.06339159791417559	0.06528426433742589	0.06295998370675102	0.06004991477852938	0.057911989886368205	0.05964105308035703	0.05751768467183447	0.08071730080482718	0.07784356605840581	0.08016772112930781	0.07731355277316114
0.04891406375280872	0.047172796464856386	0.048610733322505574	0.04688026414281099	0.06565364366024183	0.06331647244056593	0.06524650619394849	0.0629238284572786	0.06009433379487562	0.057955065666242644	0.05972167123670218	0.057595669336066	0.08066007348943362	0.07778869588072047	0.08015987675821379	0.07730630540272913
0.04892262392801527	0.04718117949222387	0.04863879834580563	0.04690745693477432	0.06560188849611504	0.0632667307607682	0.06522129782657413	0.06289968755558162	0.060123962733126445	0.05798379665140949	0.05977515235957434	0.05764740249422921	0.08062211677294122	0.07775230061462257	0.08015438594832881	0.07730121908590991
0.048928413695914	0.047186847119396844	0.0486574261609256	0.046925505162467074	0.06556761618579239	0.06323379090462214	0.06520447327264421	0.06288357376429726	0.06014372438720726	0.05800295806621029	0.0598106214233956	0.05768171162797329	0.08059694436678222	0.07772816253071133	0.08015056228259515	0.07729766904906527
0.048932328811057406	0.04719067811867527	0.048669789490847715	0.04693748337289994	0.06554491850243105	0.06321197511989386	0.0651932467393054	0.06287282042645656	0.06015690382410244	0.05801573630270015	0.059834140673039604	0.05770446127572999	0.08058025142711721	0.07771215472907794	0.08014790976372142	0.07729520142294405
0.04893497550584936	0.047193266955808263	0.04867799485177293	0.046945432835428305	0.06552988519127377	0.06319752556217352	0.06518575683351065	0.06286564552571497	0.06016569285901643	0.05802425719692706	0.059849734407131164	0.057719544434477986	0.08056918195521541	0.0777015390958777	0.08014607515147788	0.07729349163834465
0.04893676414584107	0.04719501584856365	0.04868344058406835	0.04695070853234944	0.06551992761121811	0.0631879544138387	0.06518076048974478	0.06286085886609176	0.06017155369328163	0.05802993883543213	0.05986007269193152	0.057729544008519686	0.08056184161439671	0.07769449938393717	0.08014480928671955	0.07729230999406592
0.048937972498484764	0.04719619692851556	0.0486870548184424	0.04695420978365596	0.06551333172538275	0.06318161435171972	0.06517742787875551	0.06285766582494011	0.0601754616872206	0.058033727084675225	0.05986692648498057	0.05773617311133171	0.08055697410359626	0.07768983101775162	0.08014393760001133	0.07729149510053594
0.04893878854176399	0.04719699428031831	0.048689453546872014	0.04695653343773412	0.06550896245688209	0.06317741445006365	0.06517520517955129	0.06285553602236711	0.06017806739786241	0.058036252784510495	0.059871470144960415	0.05774056772113326	0.08055374633007192	0.07768673516619862	0.08014333837907413	0.07729093416063613
0.04893933945302309	0.047197532395495	0.04869104558246729	0.04695807558773794	0.0655060680601838	0.06317463218603052	0.06517372284740938	0.06285411551944442	0.06017980470903259	0.05803793663859259	0.059874482307719	0.05774348101070449	0.08055160586919084	0.07768468209853274	0.08014292707981026	0.07729054865462598
0.048939711246030346	0.04719789543759856	0.04869210223646183	0.046959099093168366	0.0655041506307239	0.0631727889985944	0.06517273433407347	0.06285316815659586	0.06018096297720294	0.05803905919372194	0.059876479189737326	0.05774541230457298	0.08055018641493264	0.07768332054062617	0.08014264514893511	0.07729028409702401
0.04732194048813203	0.0471125688998598	0.048785088867090924	0.0485692437129247	0.059173903330813765	0.05891209381926706	0.0610035028747476	0.06073359846771552	0.062318076508703524	0.062042355891118756	0.06424489082956625	0.06396064519862604	0.07792587956136542	0.07758110364974859	0.08033527197391352	0.07997983592640656
0.04621798068794	0.046984110963691254	0.04877088155052297	0.04957932987246977	0.055249056660243955	0.05616489016019509	0.05830079891088791	0.05926721947884173	0.06368502644735588	0.0647406984206247	0.0672027387431139	0.06831672191585639	0.07612919435740768	0.07739114651969636	0.08033427391843417	0.08166593139271815
0.04547127535302252	0.046862661972828935	0.048722914096917584	0.0502137984019236	0.05276556204274269	0.054380148316007536	0.056538813277715504	0.058268858183727054	0.06456897369062317	0.06654473542922137	0.06918628373693168	0.07130333166924348	0.07492682272177198	0.07721952680342138	0.08028481978316022	0.0827414745207413
0.04496838979620534	0.04676297837572888	0.048670698633051346	0.05061303813687046	0.051171106814917974	0.0532132320568447	0.05538409380001231	0.05759434999711434	0.06514626420550197	0.0677461069455167	0.07050984495074554	0.07332373628788347	0.07413221730554194	0.07709066947948455	0.08023562381996546	0.08343764939461495
0.044630436229962066	0.04668626662738629	0.04862476621056453	0.050864589095742076	0.05013705113080121	0.05244653502696616	0.054624211539426454	0.05714038937688829	0.06552621831471324	0.0685445798370057	0.07139067675247886	0.07467917526959406	0.073611007096706	0.07700178161646798	0.08019903709116352	0.08389327878413361
0.0444035652321569	0.04662924863224149	0.048587763456413455	0.0510231755231423	0.04946178390301652	0.05194100535282458	0.05412262379939686	0.056835465093323066	0.06577771264249259	0.06907475337240919	0.07197602097641567	0.07558374558712633	0.07327076083524765	0.07694338296029446	0.0801751475837862	0.08419384504971254
0.044251346022280896	0.046587736814466846	0.04855929383667006	0.05112313645826903	0.049018740709796046	0.05160684129279871	0.05379080293810768	0.056630859749613585	0.06594484120674529	0.06942660918980342	0.07236468964262788	0.07618541397664702	0.07304937279499962	0.07690624715735826	0.08016086010922206	0.08439320810059371
0.04414924089042121	0.04655791296246752	0.048537980274283535	0.051186090981563424	0.04872713352396674	0.05138556395907564	0.05357094704479556	0.056493643820944864	0.06605620758940224	0.0696600689287352	0.07262265072521375	0.07658476076542854	0.07290566230310917	0.07688321274660137	0.0801529885312175	0.08452593495277382
0.04408075931489761	0.046536679619557146	0.04852230505535781	0.0512256821311257	0.04853478531165145	0.051238857713800205	0.053425115521826876	0.05640164832271471	0.0661305529496104	0.06981495789797121	0.07279382010590803	0.07684946305830638	0.07281254315565759	0.07686922924612252	0.08014908285985886	0.08461451773563332
0.04403483124369952	0.046521660919094335	0.04851091837190916	0.05125053126426423	0.048407722697127654	0.051141507701441116	0.05332830893195186	0.05633997986255352	0.06618024487085011	0.06991771796252394	0.07290738640498641	0.07702476909833642	0.0727522929293499	0.07686091685045573	0.08014747516875936	0.08467373572269658
0.044004029482758694	0.04651109049066963	0.048502722011049736	0.05126608901540758	0.04832370169792033	0.05107686929890659	0.053264010081564506	0.05629864405418254	0.06621348567509336	0.06998589584037009	0.07298273196412602	0.07714080938814386	0.07271335756641117	0.07685608780388775	0.08014710948040657	0.08471336614910152
0.04398337224277322	0.0465036799944132	0.048496863493746475	0.051275800504734716	0.0482681028929737	0.05103393160675783	0.05322128517526925	0.056270938049521345	0.06623573372498509	0.07003113240931562	0.07303272061856361	0.07721759600470607	0.07268822392658832	0.07685335917824523	0.08014735327507404	0.08473990690233227
0.04396951837843497	0.046498501531396154	0.04849269957476881	0.05128184134363447	0.0482312931983813	0.051005399725872015	0.05319288674125669	0.056252367931571234	0.06625062966911648	0.07006114960395478	0.0730658874525994	0.07726839876585523	0.07267201602362126	0.0768518731381264	0.08014784720167968	0.08475768971973119
0.04396022717503573	0.04649489268396854	0.0484897538730082	0.051285583525780123	0.04820691400413344	0.050986435632441963	0.05317400626094018	0.056239921255072	0.06626060546514594	0.07008106959980094	0.07308789460273793	0.07730200761977161	0.0726615742180251	0.07685110638904585	0.08014839950277153	0.08476960819232096
0.043953995926825126	0.04649238363925421	0.048487678210904425	0.05128789065984036	0.04819076306291807	0.050973828361807916	0.053161451259694174	0.056231578828463157	0.06626728730583506	0.07009429015929984	0.07310249807876736	0.07732424126634782	0.07265485364958228	0.07685074491870528	0.08014891683764515	0.08477759783410978
0.04394981685813666	0.046490642869913036	0.04848622060524253	0.05128930510782835	0.0481800608942682	0.05096544569721902	0.05315310115703058	0.05622598727308185	0.06627176331595772	0.07010306528982022	0.07311218944115025	0.07733895000558258	0.0726505323660351	0.07685060362004868	0.08014936104871938	0.08478295444996564
0.04394701410644674	0.04648943738350026	0.048485200084519044	0.05129016656048711	0.04817296799085868	0.05095987121136091	0.05314754686278641	0.05622223949002498	0.06627476190881403	0.07010889036518693	0.07311862152726624	0.07734868104636605	0.07264775659847932	0.07685057563310853	0.08014972316064588	0.08478654607014884
0.04394513440125482	0.0464886039917242	0.04848448747962421	0.05129068710090461	0.04816826641733739	0.05095616370169811	0.05314385180171191	0.056219727500346844	0.0662767708427516	0.07011275754502991	0.07312289084781039	0.07735511932481116	0.07264597545850993	0.0768506008844235	0.08015000831269818	0.08478895438936315
0.04394387375185398	0.04648802872853635	0.048483991068474584	0.05129099865872099	0.04816514952483717	0.05095369760683449	0.05314139332733325	0.056218043808012985	0.0662781167932427	0.07011532517493549	0.07312572489136374	0.07735937934696396	0.0726448338077267	0.07685064680695947	0.08015022738763546	0.08479056931656871
0.04394302828236824	0.04648763220450073	0.048483646003473976	0.051291182957617504	0.04816308293234206	0.0509520570773216	0.05313975742232993	0.056216915288855154	0.06627901857938598	0.07011703014173132	0.0731276063545669	0.07736219830736263	0.07264410290526223	0.07685069667901669	0.08015039261442666	0.08479165224943834
0.04180275490764576	0.043686378632525696	0.05045917073582019	0.05273285081613408	0.049176369523025024	0.05139224683880668	0.059359696063386806	0.062034432024059276	0.059995311383683504	0.06269868804279446	0.07241899887091616	0.07568218438839414	0.07057792264579547	0.07375814963901801	0.08519303229731252	0.08903181319068207
0.04037515551392904	0.04185656356691863	0.051712420145250425	0.05360980467956696	0.04976481775782282	0.05159074265751921	0.06373868116635574	0.06607732220352026	0.05604876605842311	0.05810525580669002	0.07178714984852752	0.0744210978923955	0.06908348941184891	0.07161823723487655	0.0884819980032776	0.09172849805307778
0.03942549780649734	0.04065641470175037	0.052516794981631205	0.05415643972485563	0.050115323805861166	0.051679991399571155	0.06675619414288625	0.06884041201723172	0.05352692536705732	0.055198107735093274	0.07130062324883464	0.07352672429211933	0.06804021119196017	0.0701645177999281	0.09063306795041119	0.09346275383431123
