d1 <- 79
d2 <- 136
