d1 <- -1.5
d2 <- 1.5
