T <- 2
D <- c(1.0, 2.0)
