T <- 2
D <- c(8.0, 9.0)
