0.010865225445984046	0.0023420268070129253	0.0021402577167973203	0.0004613379604109654	0.11033965882173621	0.023783992345292944	0.021734966056253448	0.004685026869099751	0.05074561612121308	0.010938345815750768	0.009995991066821747	0.002154661139572698	0.5153371181619634	0.11108221834736139	0.10151232014296614	0.021881237181763127
0.01086914842712473	0.0023440086763563974	0.002142335216060617	0.0004620097303647132	0.110345407328636	0.02379676696004286	0.021749344360846624	0.004690399825589072	0.050747541666157185	0.01094406602014702	0.010002462140327193	0.0021571016532760303	0.5151975054553903	0.11110598322596166	0.10154666361986912	0.02189925569385053
0.010873070395664564	0.0023459911566976206	0.002144413666167518	0.0004626821416640927	0.11035114056842488	0.023809539576626466	0.021763723152795785	0.004695775911984567	0.050749463724500704	0.010949785918087818	0.010008933962653746	0.0021595436900434988	0.515057936851725	0.11112972886875311	0.1015809921632885	0.02191727825092222
0.010876991350952027	0.0023479742471562205	0.0021464930662868937	0.0004633551943479196	0.11035685855345193	0.0238223101885511	0.021778102423649956	0.004701155125786226	0.05075138230061976	0.010955505507412703	0.010015406530889705	0.002161987249099998	0.5149184123835349	0.11115345527578131	0.10161530576081339	0.021935304841665792
0.010880911292337621	0.0023499579468514555	0.0021485734155865647	0.0004640288884541305	0.11036256129607376	0.023835078789331055	0.021792482164960676	0.004706537464488951	0.05075329739889082	0.010961224785963262	0.010021879842123793	0.0021644323296683707	0.5147789320833245	0.11117716244711921	0.10164960440006077	0.021953335454765095
0.010884830219173884	0.0023519422549022184	0.002150654713233329	0.0004647032240197843	0.11036824880865558	0.023847845372487544	0.02180686236828218	0.004711922925582624	0.05075520902369041	0.010966943751583087	0.010028353893445212	0.002166878930969404	0.5146394959835335	0.11120085038286598	0.1016838880686752	0.021971370078900113
0.010888748130815383	0.0023539271704270553	0.0021527369583929415	0.0004653782010810618	0.1103739211035705	0.02386060993154875	0.021821243025171348	0.004717311506552062	0.05075711717939543	0.010972662402117826	0.010034828681943584	0.00216932705222183	0.514500104116538	0.11122451908314789	0.10171815675432909	0.02198940870274713
0.010892665026618774	0.0023559126925441474	0.0021548201502301443	0.00046605381967326613	0.11037957819320021	0.023873372460049908	0.02183562412718779	0.004722703204877076	0.050759021870383066	0.010978380735415107	0.010041304204709021	0.0021717766926423283	0.5143607565146501	0.11124816854811784	0.10175241044472258	0.022007451314978676
0.010896580905942768	0.0023578988203713487	0.002156904287908655	0.0004667300798308255	0.11038522008993387	0.023886132951533166	0.021850005665893735	0.004728098018032437	0.05076092310103095	0.010984098749324723	0.010047780458832138	0.0021742278514455516	0.5142214532101174	0.1112717987779555	0.10178664912758344	0.022025497904263603
0.010900495768148086	0.0023598855530261396	0.0021589893705911624	0.0004674069815872861	0.11039084680616906	0.023898891399547675	0.02186438763285418	0.0047334959434879	0.05076282087571676	0.0109898164416984	0.01005425744140399	0.002176680527844089	0.5140821942351237	0.11129540977286724	0.10182087279066727	0.02204354845926708
0.010904409612597454	0.0023618728896256528	0.0021610753974393255	0.0004680845249753135	0.11039645835431142	0.02391164779764965	0.02187877001963687	0.00473889697870821	0.050764715198818235	0.010995533810389908	0.010060735149516078	0.0021791347210484775	0.5139429796217894	0.11131900153308595	0.10185508142175749	0.022061602968650625
0.010911285339553392	0.002364951308419177	0.002163688801641275	0.00046896570873316537	0.11041843612910644	0.02393248979114481	0.02189578278933257	0.004745770873462801	0.05076876436172476	0.011003804956767838	0.010067357190672156	0.002182035279940524	0.5137623470176989	0.11135470267572951	0.10187817496784787	0.02208144280822477
0.01091816086941636	0.0023680319140880644	0.0021663038415902255	0.000469848053518509	0.11044038652386842	0.023953334542388183	0.021912796161809495	0.004752650309762761	0.05077280748474622	0.01101207702741565	0.010073979419979564	0.002184938017830579	0.5135817790727495	0.11139037589610165	0.10190124456698108	0.022101286297753858
0.010925036198671634	0.002371114705313423	0.0021689205161109985	0.0004707315597757077	0.11046230954480032	0.02397418203304496	0.021929810123453138	0.004759535284173549	0.05077684457465676	0.011020350017240381	0.01008060183404639	0.0021878429336484135	0.5134012758507779	0.1114260211828375	0.10192429022118087	0.0221211334202682
0.010931911323808082	0.00237419968077261	0.0021715388240259965	0.00047161622794721753	0.11048420519815194	0.023995032244781576	0.021946824660654708	0.004766425793248002	0.050780875638234226	0.011028623921150808	0.010087224429483246	0.002190750026320027	0.5132208374154758	0.11146163852463613	0.10194731193251347	0.022140984158796135
0.010938786241317855	0.002377286839139176	0.0021741587641551322	0.00047250205847357355	0.1105060734902197	0.02401588515926575	0.02196383975981115	0.0047733218335264055	0.05078490068225892	0.01103689873405728	0.010093847202903098	0.0021936592947676427	0.5130404638303909	0.11149722791026123	0.10197030970308793	0.02216083849636427
0.010945660947696733	0.002380376179082949	0.002176780335315916	0.00047338905179339884	0.11052791442734583	0.024036740758166412	0.021980855407325067	0.0047802234015364145	0.050788919713515124	0.011045174450872039	0.010100470150921555	0.002196570737909735	0.5128601551589256	0.1115327893285403	0.10199328353505557	0.02218069641599736
0.010952535439443911	0.0023834676992699707	0.002179403536323399	0.0004742772083433958	0.11054972801591957	0.02405759902315395	0.021997871589604995	0.004787130493793143	0.05079293273878991	0.011053451066508908	0.010107093270156603	0.002199484354661011	0.5126799114643372	0.11156832276836512	0.10201623343061045	0.022200557900718444
0.010959409713062076	0.002386561398362545	0.0021820283659902055	0.0004751665285583458	0.11057151426237595	0.024078459935900135	0.02201488829306516	0.004794043106799141	0.05079693976487356	0.01106172857588356	0.010113716557228791	0.002202400143932428	0.5124997328097387	0.11160382821869164	0.1020391593919888	0.022220422933548926
0.010966283765057426	0.0023896572750192187	0.002184654823126536	0.00047605701287110663	0.11059327317319632	0.024099323478078225	0.02203190550412579	0.004800961237044413	0.050800940798559624	0.011070006973913367	0.010120340008761183	0.0022053181046311895	0.5123196192580979	0.11163930566853968	0.10206206142146945	0.022240291497508568
0.010973157591939618	0.0023927553278947976	0.0021872829065401507	0.0004769486617126097	0.11061500475490824	0.024120189631363094	0.02204892320921292	0.0048078848810064355	0.05080493584664452	0.011078286255517489	0.010126963621379294	0.002208238235660749	0.5121395708722377	0.1116747551069934	0.10208493952137328	0.0222601635756156
0.010978380073591672	0.0023945006940887	0.002188888304024078	0.0004774196673948415	0.11063555039939808	0.02413078254227121	0.02205870635332095	0.004811236932922609	0.050810567970697704	0.011082321750322924	0.010130698446068148	0.002209612374330676	0.512047780807525	0.11168303140638745	0.10209296735929015	0.022267554918365802
0.010983602732377504	0.002396246551233457	0.0021904941750461025	0.00047789092890061324	0.11065608483238086	0.02414137402028863	0.0220684883789738	0.004814589571158396	0.050816198497403854	0.01108635694162994	0.010134433074352018	0.002210986767714756	0.5119560228823616	0.11169129875744417	0.10210098756556518	0.022274944323168983
0.010988825566933216	0.002397992898792603	0.0021921005191327917	0.00047836244613236204	0.1106766080535741	0.024151964061887615	0.022078269282948093	0.004817942794310455	0.05082182742768253	0.011090391828765526	0.010138167505610118	0.0022123614154344806	0.511864297100657	0.11169955716527043	0.10210900014432003	0.02228233178854867
0.010994048575895378	0.0023997397362293896	0.002193707335810422	0.000478834218992292	0.11069712006270425	0.024162552663543464	0.022088049062023003	0.004821296600975227	0.05082745476245304	0.011094426411057274	0.010141901739222092	0.0022137363171112878	0.5117726034662987	0.11170780663497513	0.10211700509967815	0.022289717313030824
0.010999271757900997	0.002401487063006798	0.0021953146246049935	0.0004793062473823792	0.11071762085950687	0.024173139821734593	0.0220978277129803	0.004824650989748999	0.05083308050263457	0.011098460687833357	0.010145635774568064	0.002215111472366573	0.511680941983154	0.11171604717166911	0.10212500243576463	0.022297100895143987
0.011004495111587615	0.0024032348785875293	0.002196922385042232	0.0004797785312043721	0.11073811044372679	0.024183725532942485	0.02210760523260427	0.004828005959227851	0.050838704649146235	0.011102494658422514	0.01014936961102858	0.0022164868808216796	0.5115893126550677	0.11172427878046501	0.10213299215670608	0.022304482533419174
0.01100971863559311	0.002404983182433998	0.00219853061664757	0.00048025107035978463	0.11075858881511745	0.02419430979365169	0.022117381617681734	0.004831361508007688	0.05084432720290666	0.01110652832215404	0.010153103247984624	0.00221786254209789	0.511497715485865	0.1117325014664779	0.10214097426663099	0.022311862226389964
0.011014942328555957	0.002406731974008368	0.0022001393189461887	0.0004807238647499091	0.11077905597344176	0.02420489260034988	0.022127156865002155	0.004834717634684241	0.0508499481648347	0.01111056167835787	0.010156836684817698	0.00221923845581646	0.5114061504793488	0.11174071523482418	0.10214894876966944	0.022319239972592386
0.011020166189115083	0.0024084812527725135	0.002201748491462969	0.00048119691427580435	0.1107995119184716	0.024215473949527815	0.02213693097135749	0.00483807433785307	0.05085556753584894	0.011114594726364488	0.010160569920909687	0.0022206146215985843	0.5113146176393012	0.11174892009062266	0.102156915669953	0.022326615770565047
0.011025390215909795	0.0024102310181880345	0.002203358133722525	0.0004816702188383002	0.11081995664998785	0.024226053837679375	0.022146703933542303	0.004841431616109553	0.050861185316867494	0.01111862746550492	0.010164302955642938	0.0022219910390654006	0.5112231169694835	0.11175711603899391	0.10216487497161517	0.022333989618849037
0.011033883460820303	0.0024131337507358117	0.0022057864767749415	0.0004824101879381757	0.11083331330137877	0.024239481047912927	0.022156716130312153	0.004845720882351418	0.05088102532059627	0.0111277883176089	0.010171638840951722	0.002224559020815605	0.5110904642483676	0.11177657017462103	0.102172225984691	0.02234528285412348
0.011042379332182979	0.002416038597807103	0.0022082163674045376	0.0004831509419722172	0.11084665240658391	0.02425290624380956	0.022166725553688295	0.004850011298617512	0.05090086464455676	0.011136952457753705	0.01017897674422063	0.0022271287700235277	0.5109578543462647	0.11179600526449465	0.10217956321540975	0.022356573815210237
0.011050877826784973	0.0024189455589143584	0.002210647805076294	0.00048389248114317476	0.1108599739719158	0.02426632941780917	0.02217673219930344	0.004854302862231971	0.050920703283131544	0.011146119882438509	0.010186316662822546	0.0022297002862078042	0.5108252872832573	0.1118154213106957	0.10218688667185573	0.022367862496411615
0.01105937894141069	0.0024218546335671694	0.0022130807892532535	0.0004846348056528218	0.11087327800370278	0.024279750562358194	0.022186736062796617	0.004858595570517798	0.050940541230704024	0.01115529058815878	0.010193658594128466	0.002232273568884762	0.5106927630793798	0.11183481831532695	0.1021941963621218	0.022379148892036058
0.011067882672841796	0.002424765821272261	0.0022155153193965044	0.00048537791570195556	0.1108865645082883	0.02429316966990968	0.022196737139813093	0.004862889420796871	0.05096037848165815	0.011164464571406227	0.010201002535507403	0.002234848617568426	0.5105602817546193	0.1118541962805131	0.10220149229430875	0.02239043299639814
0.011076389017857192	0.0024276791215334798	0.0022179513949651722	0.00048612181149039084	0.11089983349203159	0.02430658673292326	0.022206735426004532	0.00486718441038996	0.050980215030378404	0.011173641828668807	0.010208348484326415	0.0022374254317705042	0.5104278433289153	0.11187355520840077	0.10220877447652575	0.02240171480381864
0.011084897973233193	0.00243059453385185	0.002220389015416466	0.000486866493216971	0.11091308496130721	0.024320001743865196	0.022216730917028808	0.004871480536616719	0.051000050871250285	0.011182822356430856	0.010215696437950693	0.002240004011000419	0.510295447822159	0.11189289510115805	0.10221604291688978	0.022412994308624465
0.011093409535743321	0.0024335120577255055	0.002222828180205627	0.00048761196107955545	0.11092631892250523	0.024333414695208378	0.02222672360855015	0.0048757777967956975	0.05101988599865994	0.011192006151172938	0.010223046393743447	0.0022425843547652807	0.5101630952541949	0.11191221596097524	0.10222329762352611	0.02242427150514871
0.011101923702158397	0.0024364316926497294	0.002225268888785954	0.0004883582152750225	0.11093953538203097	0.02434682557943233	0.022236713496239083	0.004880076188244359	0.051039720406994095	0.011201193209371898	0.010230398349065962	0.0022451664625698893	0.5100307856448192	0.11193151779006422	0.10223053860456821	0.0224355463877307
0.011110440469246582	0.0024393534381169455	0.0022277111406088057	0.0004891052559992712	0.11095273434630509	0.024360234389023183	0.022246700575772424	0.004884375708279068	0.05105955409064034	0.011210383527500938	0.010237752301277641	0.00224775033391676	0.5098985190137814	0.11195080059065844	0.10223776586815726	0.02244681895071587
0.011117881299252109	0.0024419356800674747	0.002229821827200233	0.0004897589148032886	0.11099681033349468	0.02437938166737539	0.02226171549860673	0.004889571664991214	0.05106027142556401	0.011214897449606869	0.010240737840504725	0.0022492795569447046	0.5097668441001735	0.11196538365698724	0.10223973481656153	0.02245597426786638
0.011125322976964721	0.0024445192899157447	0.002231933403100087	0.0004904131115098636	0.11104087070700636	0.02439853215716468	0.022276731107351764	0.004894770158218317	0.051060985800183735	0.011219410439508607	0.010243722365509406	0.0022508089854898668	0.509635210964219	0.11197994940028273	0.102241692497572	0.02246512663600318
0.011132765498656083	0.00244710426659955	0.0022340458673723745	0.0004910678460339422	0.11108491544632722	0.024417685846016703	0.02229174739288593	0.004899971185207818	0.051061697219134616	0.011223922496152705	0.010246705876199212	0.0022523386189410646	0.5095036196368512	0.11199449782821388	0.10224363892317513	0.022474276052232418
0.01114020886059852	0.002449690609054937	0.002236159219080164	0.0004917231182897228	0.1111289445309791	0.024436842721555645	0.022306764346090198	0.004905174743203406	0.05106240568705142	0.011228433618488081	0.010249688372483237	0.0022538684566873373	0.5093720701489451	0.11200902894846664	0.10224557410535982	0.02248342251366675
0.011147653059064976	0.0024522783162161774	0.0022382734572855756	0.00049237892819065	0.11117295794051815	0.02445600277140425	0.022321781957848154	0.004910380829444995	0.05106311120856857	0.011232943805466003	0.010252669854272187	0.0022553984981179376	0.5092405625313162	0.11202354276874323	0.10224749805611762	0.022492566017425393
0.011155098090329007	0.0024548673870157917	0.0022403885810497884	0.0004930352756494219	0.11121695565453568	0.024475165983183965	0.022336800219046146	0.004915589441168801	0.05106381378831975	0.011237453056039971	0.01025565032147826	0.002256928742622328	0.5091090968147213	0.11203803929676265	0.10224941078744301	0.022501706560634202
0.011162543950664858	0.0024574578203845373	0.0022425045894330494	0.0004936921605779862	0.1112609376526575	0.02449433234451491	0.022351819120573133	0.00492080057560727	0.05106451343093832	0.011241961369165884	0.010258629774015295	0.0022584591895902003	0.5089776730298582	0.11205251854026066	0.10225131231133276	0.022510844140425527
0.011169990636347315	0.002460049615251411	0.002244621481494655	0.0004943495828875366	0.11130490391454374	0.02451350184301577	0.02236683865332071	0.0049260142299891166	0.05106521014105704	0.011246468743801889	0.010261608211798624	0.002259989838411448	0.5088462912073664	0.11206698050698952	0.10225320263978648	0.022519978753938324
0.011177438143651929	0.0024626427705436824	0.0022467392562929866	0.0004950075424885224	0.11134885441989001	0.024532674466304104	0.022381858808183292	0.0049312304015393564	0.05106590392330828	0.011250975178908546	0.010264585634745214	0.002261520688476199	0.5087149513778259	0.11208142520471785	0.10225508178480613	0.022529110398318092
0.011184886468854842	0.0024652372851868515	0.0022488579128854837	0.0004956660392906424	0.11139278914842611	0.024551850201996114	0.022396879576057984	0.004936449087479297	0.05106659478232377	0.01125548067344864	0.010267562042773543	0.0022630517391747976	0.5085836535717576	0.11209585264123087	0.10225694975839632	0.02253823907071692
0.011190133676965653	0.0024681971100843714	0.002251332434095697	0.0004965742472864709	0.11140458787725825	0.024572403671530605	0.0224133839000881	0.0049436987051623745	0.05106709496559694	0.01126382042012109	0.010274140642997991	0.0022661574004113516	0.5084039952482325	0.11213818423010129	0.10228532001206167	0.022560975458005738
0.011195379418164807	0.0024711586623798556	0.002253808176309454	0.000497483594811709	0.11141636079564401	0.02459295882944963	0.022429887863240416	0.004950954283829114	0.05106758963599341	0.011272160753309368	0.010280719104461126	0.0022692654819060814	0.5082244003821734	0.11218048826460299	0.10231366586136448	0.022583718892360178
0.011200623690701007	0.002474121940406513	0.0022562851381533575	0.0004983940821753454	0.11142810792118032	0.02461351565758412	0.022446391452632795	0.004958215819893886	0.05106807880238006	0.011280501667445049	0.01028729742358152	0.002272375982446515	0.5080448690409313	0.11222276472413582	0.10234198730234985	0.022606469354002654
0.011205866492828032	0.0024770869424947965	0.0022587633182525016	0.000499305709684342	0.11143982927149633	0.02463407413776952	0.022462894655391474	0.004965483309757318	0.051068562473624506	0.01128884315696232	0.010293875596781086	0.0022754889008156564	0.5078654012917119	0.11226501358817197	0.10237028433111364	0.022629226823144586
0.011211107822804477	0.002480053666972365	0.002261242715230418	0.000500218477643621	0.11145152486425268	0.024654634251845796	0.02247939745865099	0.004972756749806254	0.05106904065859473	0.011297185216297908	0.010300453620484928	0.0022786042357919385	0.5076859972015778	0.11230723483625654	0.10239855694380287	0.022651991279986624
0.011216347678894012	0.0024830221121641296	0.0022637233277091385	0.0005011323863560739	0.1114631947171422	0.024675195981657634	0.02249589984955434	0.004980036136413795	0.05106951336615961	0.011305527839891269	0.010307031491121605	0.002281721986149287	0.5075066568374461	0.11234942844800706	0.10242680513661527	0.02267476270471855
0.011221586059365138	0.002485992276392226	0.002266205154309152	0.000502047436122549	0.11147483884788878	0.024695759309054214	0.02251240181525284	0.004987321465939294	0.05106998060518852	0.011313871022184369	0.01031360920512285	0.0022848421506570646	0.5073273802660903	0.11239159440311373	0.10245502890579958	0.022697541077519465
0.011226822962491365	0.0024889641579760357	0.0022686881936494307	0.0005029636272418571	0.11148645727424823	0.024716324215889603	0.022528903342906276	0.004994612734728371	0.05107044238455124	0.011322214757621915	0.010320186758923783	0.0022879647280801187	0.5071481675541393	0.11243373268133953	0.10248322824765517	0.022720326378557802
0.01123205838655115	0.002491937755232208	0.0022711724443474457	0.0005038809600107702	0.11149805001400775	0.024736890684022593	0.022545404419682995	0.005001909939112944	0.05107089871311832	0.011330559040651219	0.010326764148962829	0.0022910897171787652	0.5069690187680773	0.11247584326251978	0.10251140315853238	0.022743118587991475
0.011237292329827878	0.0024949130664746375	0.002273657905019147	0.0005047994347240147	0.11150961708498555	0.024757458695316793	0.022561905032759694	0.005009213075411222	0.05107134959976082	0.01133890386572235	0.010333341371681766	0.002294217116708814	0.5067899339742448	0.11251792612656265	0.1025395536348321	0.02276591768596786
0.011243379613817418	0.0024979722873193343	0.002275587014372474	0.0005055733680200983	0.11153360476807138	0.024779724903451452	0.022573677256655565	0.005015255390000214	0.05107278311182517	0.011346979398687587	0.010336799612663022	0.002296554938007518	0.5066387333395111	0.11256130799046958	0.10254038929261684	0.022781677714511134
0.011249466442851075	0.002501033580868962	0.0022775166764313097	0.000506348075944848	0.11155757045377973	0.02480199672779733	0.022585446908204746	0.005021301360674758	0.0510742124969262	0.01135505592377903	0.010340256694686835	0.0022988938506191543	0.506487582139329	0.11260466953333514	0.1025412112288004	0.022797437905971482
0.011255552814449513	0.002504096946008577	0.002279446890281787	0.0005071235585350977	0.11158151414374902	0.024824274152014648	0.022597213981474372	0.005027350984188846	0.0510756377609199	0.011363133436535269	0.010343712617458133	0.0023012338534377083	0.5063364804174495	0.11264801073460898	0.10254201945923942	0.022813198249649176
0.011261638726136284	0.0025071623816200358	0.002281377655009847	0.000507899815826502	0.11160543583965192	0.02484655715975748	0.022608978470540192	0.005033404257289939	0.05107705890966281	0.011371211932495741	0.01034716738068412	0.0023035749453558865	0.506185428217537	0.1126913315737881	0.10254281399979483	0.02282895873484926
0.011267724175437834	0.0025102298865819837	0.002283308969701239	0.0005086768478535325	0.11162933554319501	0.024868845734673663	0.022620740369486577	0.005039461176718976	0.051078475949011944	0.011379291407200839	0.01035062098407429	0.002305917125265118	0.5060344255831692	0.11273463203041696	0.10254359486633127	0.02284471935088147
0.011273809159883444	0.0025132994597698655	0.002285240833441505	0.0005094546546494802	0.11165321325611878	0.024891139860404924	0.02263249967240646	0.005045521739210361	0.051079888884824745	0.011387371856191871	0.010354073427340443	0.0023082603920555693	0.5058834725578372	0.11277791208408752	0.10254436207471755	0.022860480087060254
0.011279893677005276	0.002516371100055923	0.002287173245316002	0.0005102332362464524	0.1116770689801979	0.0249134395205869	0.022644256373401513	0.005051585941492029	0.05108129772295882	0.011395453275011026	0.010357524710196605	0.0023106047446161244	0.5057325691849451	0.11282117171443909	0.10254511564082622	0.022876240932704926
0.011285977724338382	0.002519444806309204	0.0022891062044098917	0.0005110125926753743	0.11170090271724048	0.024935744698849207	0.022656010466581916	0.005057653780285394	0.05108270246927241	0.011403535659201507	0.010360974832359144	0.002312950181834415	0.5055817155078106	0.11286441090115863	0.10254585558053385	0.022892001877139568
0.011292061299420635	0.002522520577395552	0.0022910397098081406	0.0005117927239659847	0.11172471446908898	0.02495805537881548	0.02266776194606663	0.0050637252523054056	0.05108410312962369	0.01141161900430736	0.01036442379354661	0.0023152967025967855	0.5054309115696644	0.11290762962398052	0.10254658190972081	0.022907762909693118
0.01129814439979284	0.002525598412177629	0.0022929737605955317	0.000512573630146843	0.11174850423761934	0.024980371544103416	0.022679510805983138	0.00506980035426053	0.05108549970987153	0.011419703305873663	0.010367871593479882	0.0023176443057883428	0.5052801574136502	0.11295082786268658	0.10254729464427123	0.02292352401969934
0.011305523317094942	0.0025281160978059473	0.0022959903757801036	0.0005134242853349612	0.11175856779388045	0.024991203536790126	0.022696569532320663	0.005075356636774959	0.051099128905585274	0.011426674090772339	0.010377503534097167	0.002320594368234043	0.5051305721839439	0.11295618037434657	0.10258480741824233	0.022939787548996254
0.011312902967357194	0.0025306349088537756	0.0022990093558572164	0.0005142758979283313	0.11176861089586379	0.025002030801758283	0.022713629108478357	0.005080915384364909	0.05111275388181808	0.011433645248633916	0.010387139332582658	0.0023235466152241265	0.5049810395189434	0.11296151399895206	0.10262230107819657	0.022956051005187317
0.01132028334735326	0.002533154844201715	0.0023020307001070843	0.0005151284681262627	0.11177863355695583	0.025012853334563715	0.02273068952150341	0.005086476593088468	0.0511263746375184	0.011440616776591703	0.010396778984181619	0.0023265010459329093	0.5048315594537628	0.11296682875302755	0.1026597756068721	0.02297231437621311
0.011327664453857742	0.002535675902729168	0.0023050544078061226	0.0005159819961265813	0.11178863579056182	0.025023671130774007	0.022747750758446292	0.005092040258999523	0.05113999117164006	0.011447588671780279	0.010406422484134386	0.0023294576595312305	0.5046821320234358	0.1129721246531088	0.10269723098704892	0.02298857765001922
0.011335046283646101	0.002538198083314331	0.002308080478226914	0.0005168364821256238	0.11179861761010448	0.025034484185968462	0.022764812806360675	0.00509760637814774	0.05115360348314234	0.011454560931335579	0.010416069827676351	0.0023324164551864644	0.5045327572629164	0.1129774017157433	0.10273466720154885	0.023004840814556338
0.011342428833494697	0.0025407213848341963	0.0023111089106382316	0.0005176919263182401	0.11180857902902498	0.025045292495738086	0.02278187565230356	0.005103174946578625	0.051167211570989905	0.011461533552394813	0.01042572101003801	0.0023353774320625216	0.5043834352070783	0.11298265995748963	0.10277208423323589	0.02302110385778034
0.011349812100180809	0.0025432458061645635	0.002314139704305036	0.000518548328897791	0.11181852006078227	0.025056096055685585	0.0227989392833352	0.005108745960333486	0.0511808154341529	0.011468506532096544	0.010435376026444919	0.0023383405893198424	0.5042341658907153	0.1129878993949178	0.10280948206501571	0.023037366767652213
0.011357196080482648	0.0025457713461800482	0.002317172858488479	0.0005194056900561494	0.11182844071885344	0.025066894861425413	0.022816003686519322	0.005114319415449488	0.05119441507160671	0.011475479867580638	0.010445034872117774	0.0023413059261154175	0.5040849493485413	0.11299312004460893	0.10284686067983605	0.023053629532138128
0.011364580771179307	0.002548298003754056	0.0023202083724458878	0.0005202640099836918	0.11183834101673333	0.025077688908583702	0.02283306884892296	0.005119895307959642	0.051208010482332235	0.011482453555988294	0.010454697542272361	0.0023442734416027626	0.5039357856151901	0.1129983219231554	0.10288422006068672	0.023069892139209503
0.011371966169050843	0.002550825777758821	0.0023232462454308026	0.0005211232888693086	0.11184822096793463	0.02508847819279832	0.022850134757616623	0.005125473633892826	0.05122160166531581	0.011489427594462054	0.010464364032119646	0.0023472431349319542	0.5037866747252152	0.11300350504716068	0.10292156019059932	0.023086154576843012
0.011382069415555907	0.0025547194182478886	0.0023262282827713468	0.0005221247866535834	0.11189943063362408	0.025115964232295094	0.022869621583065474	0.005133114569340803	0.05122444603737066	0.011497389640042927	0.010469076473788702	0.0023497970344616708	0.5035979079753858	0.11303316712648037	0.10292361203453512	0.023101330756380465
0.011392175109139395	0.0025586166884149133	0.002329212363158126	0.0005231276350780155	0.11195061359923268	0.02514346079560265	0.022889110355166383	0.005140761898113374	0.05122728322868026	0.011505351744980363	0.010473787515039246	0.0023523521426028755	0.5034092028546493	0.11306279750670531	0.10292564218714902	0.023116504376288153
0.01140228324248287	0.0025625175873134165	0.002332198485168271	0.0005241318346734953	0.11200176982812522	0.025170967857162583	0.022908601055979354	0.005148415616266602	0.05123011324774834	0.011513313904384911	0.010478497154520856	0.0023549084578981506	0.5032205594459225	0.11309239618547472	0.10292765067198537	0.023131675424893323
0.011412393808266572	0.0025664221139895063	0.0023351866473753087	0.0005251373859685702	0.11205289928374955	0.02519848539139515	0.022928093667567408	0.005156075719841064	0.05123293610308415	0.011521276113371162	0.01048320539088779	0.0023574659788886928	0.5030319778319702	0.1131219631604998	0.10292963751260793	0.023146843890537293
0.011422506799169563	0.0025703302674819537	0.0023381768483492224	0.0005261442894894577	0.11210400192963706	0.025226013372699436	0.022947588171996585	0.005163742204861887	0.051235751803202986	0.011529238367057925	0.010487912222799088	0.002360024704114362	0.5028434580954029	0.11315149842956301	0.1029316027325991	0.023162009761575484
0.0114326222078697	0.0025742420468221573	0.002341169086656425	0.0005271525457600325	0.11215507772940239	0.025253551775453322	0.02296708455133601	0.005171415067338731	0.051238560356626085	0.01153720066056827	0.010492617648918604	0.002362584632113679	0.5026550003186783	0.11318100199051852	0.10293354635556037	0.023177173026377423
0.011442740027043622	0.0025781574510341412	0.0023441633608597603	0.0005281621553018252	0.11220612664674337	0.025281100574013688	0.02298658278765798	0.005179094303265832	0.05124136177188026	0.011545162989029387	0.010497321667914863	0.002365145761423814	0.5024666045841009	0.11321047384129189	0.10293546840511192	0.023192333673326845
0.011452860249366875	0.0025820764791345875	0.002347159669518539	0.0005291731186340253	0.11225714864544181	0.02530865974271657	0.023006082863038037	0.00518677990862201	0.05124415605749824	0.011553125347572718	0.010502024278461196	0.00236770809058061	0.5022782709738208	0.11323991397987988	0.10293736890489245	0.023207491690821598
0.011462982867513898	0.0025859991301328154	0.0023501580111885243	0.000530185436273473	0.11230814368936282	0.025336229255877113	0.023025584759554997	0.005194471879370671	0.05124694322201858	0.011561087731333923	0.010506725479235682	0.0023702716181185873	0.5020899995698352	0.11326932240435073	0.10293924787855928	0.023222647067273745
0.01147310787415794	0.00258992540303079	0.0023531583844219233	0.0005311991087346534	0.11235911174245515	0.025363809087789787	0.023045088459291024	0.005202170211459817	0.05124972327398523	0.01156905013545291	0.010511425268921135	0.0023728363425709244	0.5019017904539874	0.11329869911284374	0.1029411053497881	0.02323779979110957
0.011475792044547226	0.0025908551108265285	0.0023546323685876428	0.000531598279455713	0.11237443721237403	0.025370439255761296	0.023057274498783004	0.005205571628085309	0.0512469582063657	0.011569871871838595	0.010514981982590267	0.002373935908222332	0.5018257619980786	0.11329569542303745	0.10296589359627548	0.023246300615170846
0.01147847535257678	0.002591784664162923	0.0023561065632765983	0.000531997558060972	0.11238975305255061	0.025377067025305542	0.0230694605928396	0.005208973521175022	0.0512441935067982	0.01157069303881911	0.010518538128330725	0.0023750354444330127	0.5017497600248164	0.11329268856144864	0.10299067309941505	0.02325479986599077
0.011481157798123677	0.0025927140628685366	0.0023575809679615956	0.0005323969444078365	0.11240505926554623	0.025383692395812302	0.023081646736913215	0.005212375889367071	0.05124142917675311	0.011571513636870475	0.01052209370539337	0.00237613495088904	0.5016737845381348	0.11328967853373381	0.10301544385581594	0.0232632975414089
0.011483839381065614	0.0025936433067721546	0.0023590555821154046	0.0005327964383536469	0.11242035585392726	0.025390315366673622	0.023093832926457936	0.005215778731299531	0.05123866521769875	0.011572333666468598	0.010525648713029844	0.0023772344272766687	0.5015978355419517	0.11328666534554596	0.103040205862096	0.023271793639267287
0.011486520101281138	0.0025945723957028154	0.0023605304052108133	0.0005331960397556831	0.11243564282026522	0.02539693593728396	0.023106019156929586	0.005219182045610441	0.05123590163110224	0.011573153128089321	0.010529203150492699	0.0023783338732823417	0.5015219130401674	0.11328364900253418	0.10306495911488173	0.023280288157410366
0.011489199958649486	0.0025955013294897984	0.0023620054367205824	0.0005335957484711609	0.1124509201671367	0.025403554107040063	0.023118205423785697	0.005222585830937812	0.05123313841842891	0.011573972022208404	0.010532757017035314	0.0023794332885926743	0.5014460170366661	0.11328062951034397	0.1030897036108083	0.023288781093684985
0.011491878953050618	0.0025964301079626243	0.0023634806761174774	0.0005339955643572334	0.11246618789712345	0.02541016987534107	0.023130391722485596	0.005225990085919636	0.051230375581142434	0.0115747903493015	0.010536310311911922	0.0023805326728944583	0.5013701475353148	0.11327760687461699	0.10311443934651972	0.023297272445940483
0.011494557084365208	0.002597358730951036	0.0023649561228742426	0.0005343954872709873	0.11248144601281199	0.025416783241588397	0.023142578048490244	0.005229394809193854	0.05122761312070481	0.011575608109844156	0.010539863034377575	0.002381632025874661	0.5012943045399642	0.11327458110099152	0.10313916631866858	0.02330576221202864
0.011497234352474702	0.002598287198285037	0.002366431776463628	0.0005347955170694511	0.11249669451679413	0.025423394205185846	0.023154764397262405	0.005232799999398415	0.05122485103857651	0.011576425304311832	0.010543415183688206	0.002382731347220438	0.501218488054448	0.11327155219510168	0.10316388452391612	0.02331425038980364
0.011499910757261275	0.0025992155097948693	0.002367907636358383	0.0005351956536095922	0.1125119334116667	0.025430002765539517	0.023166950764266565	0.0052362056551712175	0.051222089336216525	0.011577241933179945	0.010546966759100617	0.0023838306366191276	0.501142698082583	0.11326852016257817	0.10318859395893233	0.023322736977122158
0.011504496923930971	0.002601200575986113	0.002370368396378221	0.0005359472629465935	0.11252594326841002	0.025442446582284402	0.02318466782682657	0.005242121555071124	0.05122203399287506	0.011581452470841346	0.010553707074523315	0.0023862241958563287	0.5010047574688207	0.1132786485421029	0.1032262298292178	0.023339754033928548
0.011509081885663519	0.002603185970359156	0.002372830332576486	0.0005366995120175598	0.11253993432597036	0.025454886936501855	0.023202386814839538	0.005248040498388922	0.051221975921469015	0.011585661690263935	0.010560447772325225	0.002388618810321609	0.5008668687490375	0.11328875914675483	0.10326384941537001	0.02335677221814064
0.011513665641433565	0.0026051716919253585	0.00237529344375162	0.0005374524006854126	0.11255390659454782	0.02546732382261692	0.023220107716222873	0.005253962481598477	0.05122191512739539	0.011589869590782982	0.010567188849107087	0.002391014478816793	0.5007290319510173	0.11329885198937893	0.10330145270236087	0.023373791518358618
0.011518248190218587	0.0026071577396963312	0.0023777577287005715	0.0005382059288120635	0.1125678600843599	0.025479757235064664	0.023237830518895226	0.00525988750116866	0.051221851616049446	0.011594076171736497	0.010573930301470967	0.0023934112001424432	0.5005912471024705	0.11330892708283243	0.10333903967519631	0.023390811923185453
0.011522829530998854	0.0026091441126838717	0.002380223186218761	0.0005389600962584052	0.11258179480564112	0.025492187168290024	0.02325555521077652	0.005265815553563306	0.051221785392824126	0.01159828143246504	0.010580672126020164	0.002395808973097844	0.500453514231034	0.11331898443998485	0.10337661031891618	0.02340783342122689
0.011527409662757468	0.0026111308099000165	0.0023826898151001292	0.0005397149028843198	0.11259571076864311	0.02550461361674787	0.023273281779788012	0.005271746635241249	0.051221716463110606	0.011602485372311965	0.010587414319359395	0.002398207796481048	0.5003158333642707	0.1133290240737179	0.10341416461859469	0.02342485600109153
0.011531988584480407	0.0026131178303570248	0.002385157614137108	0.0005404703485486777	0.11260960798363477	0.025517036574903035	0.023291010213852315	0.005277680742656345	0.05122164483229803	0.011606687990623211	0.010594156878094674	0.0024006076690888476	0.5001782045296695	0.11333904599692529	0.10345170255933982	0.02344187965139081
0.011536566295156333	0.0026151051730673577	0.0023876265821206294	0.000541226433109331	0.11262348646090169	0.025529456037230218	0.023308740500893366	0.005283617872257446	0.05122157050577325	0.011610889286747417	0.010600899798833335	0.0024030085897167805	0.500040627754647	0.113349050222513	0.10348922412629391	0.02345890436073908
0.011541142793776802	0.002617092837043716	0.002390096717840136	0.0005419831564231215	0.11263734621074677	0.02554187199821413	0.02332647262883657	0.005289558020488444	0.0512214934889211	0.01161508926003582	0.010607643078184048	0.0024054105571591376	0.4999031030665448	0.11335903676339887	0.10352672930463315	0.02347593011775354
0.011545718079336185	0.002619080821299032	0.002392568020083592	0.0005427405183458808	0.11265118724348949	0.025554284452349352	0.02334420658560874	0.005295501183788266	0.05122141378712455	0.011619287909842398	0.01061438671275689	0.00240781357020898	0.4997656304926314	0.11336900563251283	0.10356421807956794	0.023492956911054394
0.011553834914028033	0.0026213374675323293	0.002395516437947463	0.0005434954748450752	0.1126997728987309	0.025569357661769966	0.023366627664384243	0.005301427365225664	0.05122122033973525	0.011621085553702705	0.01061996092280907	0.002409459861408325	0.49962804063222516	0.11335575698323845	0.10359046958000138	0.023502636242415928
0.011561952360901856	0.0026235946822350436	0.002398466799357095	0.000544251052407877	0.11274833889623515	0.02558442840149564	0.023389055678844577	0.005307356420964311	0.05122102339837022	0.011622881708199551	0.010625534530441634	0.0024111062751167598	0.49949049472479984	0.11334250175761122	0.10361670164315005	0.023512311669869123
0.011570070415049444	0.0026258524640350527	0.002401419103019871	0.000545007250832589	0.11279688520957148	0.025599496661470093	0.02341149061211196	0.005313288347025581	0.05122082296957313	0.011624676374450738	0.010631107533411338	0.0024127528105377096	0.4993529928153017	0.1133292399760848	0.10364291426757789	0.023521983189946742
0.011578189071564491	0.002628110811559986	0.002404373347639967	0.0005457640699164559	0.11284541181236249	0.025614562431647593	0.02343393244729923	0.005319223139425856	0.05122061905988662	0.011626469553575353	0.010636679929477958	0.0024143994668750727	0.4992155349485953	0.11331597165910005	0.10366910745188246	0.023531650799191076
0.011586308325542579	0.0026303697234372125	0.002407329531918346	0.0005465215094556675	0.11289391867828358	0.025629625701992866	0.023456381167509918	0.005325160794176572	0.05122041167585262	0.011628261246693819	0.010642251716404327	0.0024160462433332297	0.49907812116946443	0.11330269682708557	0.10369528119469512	0.02354131449415415
0.011594428172081183	0.002632629198293863	0.0024102876545527667	0.0005472795692453591	0.11294240578106331	0.02564468646248119	0.02347883675583823	0.005331101307284211	0.05122020082401204	0.011630051454927877	0.010647822891956357	0.0024176931391170493	0.49894075152261114	0.113289415500457	0.10372143549468094	0.023550974271397507
0.01160254860627969	0.002634889234756804	0.0024132477142377717	0.000548038249079608	0.11299087309448319	0.025659744703098307	0.023501299195369117	0.005337044674750324	0.05121998651090481	0.011631840179400528	0.010653393453902918	0.002419340153431867	0.49880342605265676	0.11327612769961747	0.10374757035053846	0.023560630127492373
0.01161066962323938	0.002637149831452659	0.002416209709664706	0.0005487975487514382	0.11303932059237838	0.02567480041384067	0.023523768469178415	0.005342990892571556	0.05121976874306962	0.01163362742123606	0.010658963400015957	0.002420987285483509	0.4986661448041408	0.11326283344495733	0.10377368576099996	0.023570282059019534
0.01161879121806352	0.0026394109870078244	0.002419173639521724	0.0005495574680528213	0.11308774824863672	0.025689853584715202	0.023546244560332816	0.005348939956739647	0.05121954752704449	0.011635413181560075	0.010664532728070471	0.0024226345344782875	0.4985289078215214	0.11324953275685425	0.10379978172483123	0.023579930062569428
