0.010865225445984046	0.0023420268070129253	0.0021402577167973203	0.0004613379604109654	0.11033965882173621	0.023783992345292944	0.021734966056253448	0.004685026869099751	0.05074561612121308	0.010938345815750768	0.009995991066821747	0.002154661139572698	0.5153371181619634	0.11108221834736139	0.10151232014296614	0.021881237181763127
0.01086914842712473	0.0023440086763563974	0.002142335216060617	0.0004620097303647132	0.110345407328636	0.02379676696004286	0.021749344360846624	0.004690399825589072	0.050747541666157185	0.01094406602014702	0.010002462140327193	0.0021571016532760303	0.5151975054553903	0.11110598322596166	0.10154666361986912	0.02189925569385053
0.010873070395664564	0.0023459911566976206	0.002144413666167518	0.0004626821416640927	0.11035114056842488	0.023809539576626466	0.021763723152795785	0.004695775911984567	0.050749463724500704	0.010949785918087818	0.010008933962653746	0.0021595436900434988	0.515057936851725	0.11112972886875311	0.1015809921632885	0.02191727825092222
0.010876991350952027	0.0023479742471562205	0.0021464930662868937	0.0004633551943479196	0.11035685855345193	0.0238223101885511	0.021778102423649956	0.004701155125786226	0.05075138230061976	0.010955505507412703	0.010015406530889705	0.002161987249099998	0.5149184123835349	0.11115345527578131	0.10161530576081339	0.021935304841665792
0.010880911292337621	0.0023499579468514555	0.0021485734155865647	0.0004640288884541305	0.11036256129607376	0.023835078789331055	0.021792482164960676	0.004706537464488951	0.05075329739889082	0.010961224785963262	0.010021879842123793	0.0021644323296683707	0.5147789320833245	0.11117716244711921	0.10164960440006077	0.021953335454765095
0.010884830219173884	0.0023519422549022184	0.002150654713233329	0.0004647032240197843	0.11036824880865558	0.023847845372487544	0.02180686236828218	0.004711922925582624	0.05075520902369041	0.010966943751583087	0.010028353893445212	0.002166878930969404	0.5146394959835335	0.11120085038286598	0.1016838880686752	0.021971370078900113
0.010888748130815383	0.0023539271704270553	0.0021527369583929415	0.0004653782010810618	0.1103739211035705	0.02386060993154875	0.021821243025171348	0.004717311506552062	0.05075711717939543	0.010972662402117826	0.010034828681943584	0.00216932705222183	0.514500104116538	0.11122451908314789	0.10171815675432909	0.02198940870274713
0.010892665026618774	0.0023559126925441474	0.0021548201502301443	0.00046605381967326613	0.11037957819320021	0.023873372460049908	0.02183562412718779	0.004722703204877076	0.050759021870383066	0.010978380735415107	0.010041304204709021	0.0021717766926423283	0.5143607565146501	0.11124816854811784	0.10175241044472258	0.022007451314978676
0.010896580905942768	0.0023578988203713487	0.002156904287908655	0.0004667300798308255	0.11038522008993387	0.023886132951533166	0.021850005665893735	0.004728098018032437	0.05076092310103095	0.010984098749324723	0.010047780458832138	0.0021742278514455516	0.5142214532101174	0.1112717987779555	0.10178664912758344	0.022025497904263603
0.010900495768148086	0.0023598855530261396	0.0021589893705911624	0.0004674069815872861	0.11039084680616906	0.023898891399547675	0.02186438763285418	0.0047334959434879	0.05076282087571676	0.0109898164416984	0.01005425744140399	0.002176680527844089	0.5140821942351237	0.11129540977286724	0.10182087279066727	0.02204354845926708
0.010904409612597454	0.0023618728896256528	0.0021610753974393255	0.0004680845249753135	0.11039645835431142	0.02391164779764965	0.02187877001963687	0.00473889697870821	0.050764715198818235	0.010995533810389908	0.010060735149516078	0.0021791347210484775	0.5139429796217894	0.11131900153308595	0.10185508142175749	0.022061602968650625
0.010908322438655747	0.0023638608292866933	0.0021631623676138037	0.00046876271002670037	0.11040205474677431	0.023924402139402223	0.021893152817812286	0.004744301121153108	0.05076660607471392	0.011001250853255177	0.0100672135802605	0.002181590430267246	0.5138038094021697	0.1113425740588713	0.10188927500866521	0.02207966142107218
0.010912234245689779	0.002365849371125703	0.0021652502802742253	0.00046944153677235564	0.110407635995979	0.0239371544183756	0.021907536018953646	0.004749708368277329	0.05076849350778204	0.011006967568152058	0.010073692730729753	0.0021840476547068536	0.5136646836082568	0.11136612735050945	0.10192345353922937	0.022097723805186077
0.010916145033068496	0.002367838514258806	0.0021673391345792214	0.0004701210052423117	0.11041320211435511	0.02394990462814707	0.021921919614637048	0.0047551187175306426	0.05077037750240145	0.011012683952940534	0.010080172598016881	0.002186506393571736	0.513525602271978	0.11138966140831313	0.10195761700131661	0.022115790109643096
0.010920054800162752	0.00236982825780175	0.0021694289296863806	0.00047080111546571785	0.1104187531143395	0.02396265276230086	0.02193630359644129	0.0047605321663578065	0.05077225806295077	0.011018400005482588	0.010086653179215395	0.002188966646064289	0.5133865654251971	0.11141317623262172	0.10199176538282143	0.02213386032309053
0.01092396354634559	0.002371818600869984	0.002171519664752311	0.00047148186747084764	0.11042428900837715	0.02397539881442827	0.02195068795594804	0.004765948712198601	0.050774135193809376	0.011024115723642357	0.010093134471419388	0.002191428411384887	0.5132475730997141	0.11143667182380092	0.102025898671666	0.022151934434172085
0.010927871270991957	0.002373809542578588	0.0021736113389325944	0.00047216326128509095	0.11042980980892102	0.023988142778127747	0.021965072684741845	0.004771368352487877	0.05077600889935618	0.011029831105285878	0.010099616471723366	0.00219389168873185	0.5131086253272642	0.11146014818224313	0.10206001685580056	0.02217001243152815
0.01093177797347891	0.002375801082042333	0.002175703951381813	0.0004728452969349599	0.11043531552843146	0.024000884647004686	0.02197945777441005	0.0047767910846554735	0.05077787918397082	0.011035546148281406	0.01010609917722244	0.0021963564773014935	0.5129697221395189	0.11148360530836711	0.1020941199232027	0.02218809430379551
0.010935683653185539	0.0023777932183756505	0.0021777975012535504	0.0004735279744460859	0.11044080617937657	0.02401362441467158	0.021993843216542894	0.004782216906126305	0.05077974605203295	0.01104126085049921	0.010112582585012249	0.002198822776288097	0.5128308635680855	0.11150704320261785	0.10212820786187819	0.022206180039607667
0.010939588309492914	0.0023797859506926285	0.0021798919877003727	0.00047421129384321825	0.11044628177423235	0.02402636207474804	0.022008229002733554	0.004787645814320331	0.050781609507922265	0.01104697520981156	0.010119066692188894	0.0022012905848839137	0.5126920496445078	0.111530461865467	0.10216228065986059	0.022224269627594714
0.010943491941784133	0.00238177927810704	0.002181987409873855	0.00047489525515022487	0.11045174232548206	0.024039097620860737	0.02202261512457803	0.004793077806652564	0.050783469556018535	0.011052689224092874	0.010125551495849079	0.0022037599022791715	0.5125532804002648	0.11155386129741249	0.10219633830521102	0.022242363056383368
0.010950358121219955	0.002384865689687503	0.0021846082540626257	0.000475783276934659	0.11047356374193824	0.024059908257712957	0.022039595101339456	0.004799977643647467	0.05078748280218211	0.011060946487750526	0.0101321575883173	0.002206670752444103	0.5123735823549836	0.11158924332280576	0.10221908222410099	0.022262174380872714
0.010957224088157845	0.002387954269196201	0.002187230715555803	0.000476672456719524	0.11049535796415094	0.024080721508837687	0.022056575545143953	0.004806882958047643	0.050791490095550465	0.011069204630357939	0.010138763826679532	0.002209583756752557	0.5121939493512738	0.11162459744997953	0.10224180224202072	0.022281989141575927
0.010964089839122266	0.002391045015293284	0.002189854793161231	0.00047756279492721125	0.1105171249985399	0.02410153735601445	0.02207355644249503	0.004813793746316834	0.05079549144288106	0.011077463646868162	0.010145370207590198	0.002212498914100974	0.512014381451344	0.11165992366820288	0.10226449836154117	0.022301807321601287
0.010970955370641034	0.0023941379266351616	0.0021924804856843423	0.0004784542919781892	0.1105388648515702	0.02412235578102435	0.02209053777990218	0.004820710004906394	0.050799486850934106	0.011085723532235942	0.010151976727706218	0.0022154162233820884	0.5118348787172597	0.11169522196680856	0.10228717058527552	0.022321628904055948
0.010977820679245532	0.002397233001874565	0.002195107791928188	0.0004793469482910073	0.11056057752975273	0.024143176765650184	0.022107519543880932	0.0048276317302552805	0.05080347632647302	0.011093984281417908	0.010158583383687093	0.0022183356834849437	0.5116554412109421	0.11173049233519264	0.10230981891587827	0.022341453872045752
0.010984685761470589	0.0024003302396605124	0.0021977367106934377	0.0004802407642822956	0.11058226303964364	0.024164000291676455	0.022124501720952906	0.004834558918790107	0.05080745987626417	0.011102245889372465	0.010165190172194864	0.0022212572932948996	0.5114760689941679	0.11176573476281457	0.10233244335604584	0.022361282208675497
0.01099155061385449	0.0024034296386383196	0.002200367240778367	0.00048113574036675596	0.11060392138784468	0.024184826340889535	0.022141484297645883	0.0048414915669251135	0.05081143750707677	0.011110508351059822	0.010171797089894104	0.0022241810516936186	0.5112967621285702	0.1118009492391972	0.10235504390851626	0.02238111389704886
0.010998415232938994	0.002406531197449613	0.0022029993809788706	0.0004820318769571632	0.11062555258100264	0.024205654895077575	0.02215846726049374	0.004848429671062216	0.05081540922568296	0.01111877166144207	0.010178404133451982	0.002227106957559088	0.5111175206756386	0.11183613575392685	0.10237762057606913	0.02240094892026855
0.011005279615269403	0.0024096349147323406	0.0022056331300884806	0.0004829291744643672	0.11064715662580998	0.024226485936030703	0.02217545059603665	0.004855373227590992	0.0508193750388578	0.01112703581548312	0.010185011299538204	0.0022300350097656184	0.5109383446967177	0.11187129429665292	0.10240017336152546	0.022420787261436242
0.011012143757394458	0.0024127407891207497	0.0022082684868983482	0.00048382763329728293	0.110668733529004	0.024247319445540975	0.022192434290820923	0.004862322232888712	0.05082333495337924	0.011135300808148722	0.010191618584825068	0.0022329652071838408	0.5107592342530088	0.11190642485708817	0.1024227022677479	0.022440628903652806
0.01101900765586649	0.0024158488192454453	0.002210905450197274	0.0004847272538628972	0.11069028329736742	0.024268155405402593	0.02220941833139927	0.004869276683320345	0.050827288976028145	0.011143566634406589	0.010198225985987469	0.0022358975486807264	0.5105801894055683	0.11194152742500853	0.1024452072976403	0.02246047383001817
0.011025871307241253	0.0024189590037333227	0.002213544018771678	0.00048562803656625647	0.11071180593772773	0.024288993797411725	0.022226402704330607	0.004876236575238556	0.050831237113588106	0.01115183328922623	0.010204833499702843	0.0022388320331195666	0.5104012102153095	0.11197660199025321	0.10246768845414793	0.02248032202363149
0.011032734708077984	0.0024220713412076147	0.0022161841914056218	0.0004865299818104704	0.1107333014569572	0.024309834603366755	0.022243387396180207	0.0048832019049837505	0.050835179372845346	0.011160100767579062	0.010211441122651231	0.002241768659359994	0.5102222967430016	0.11201164854272472	0.10249014574025736	0.02250017346759122
0.011039597854939558	0.0024251858302879155	0.0022188259668808265	0.0004874330899967122	0.11075476986197345	0.02433067780506827	0.022260372393519787	0.004890172668884056	0.050839115760589186	0.011168369064438442	0.010218048851515268	0.002244707426257984	0.510043449049269	0.11204666707238828	0.10251257915899625	0.022520028144995072
0.011046460744392288	0.0024283024695901435	0.002221469343976657	0.0004883373615242123	0.11077621115973844	0.02435152338431915	0.022277357682927428	0.004897148863255367	0.050843046283611526	0.01117663817477967	0.010224656682980228	0.0022476483326658667	0.5098646671945928	0.11208165756927252	0.10253498871343343	0.022539886038940155
0.011053323373006005	0.0024314212577265654	0.002224114321470124	0.0004892427967902553	0.11079762535725912	0.024372371322924597	0.022294343250987742	0.004904130484401321	0.05084697094870688	0.011184908093579925	0.010231264613733915	0.0022505913774322995	0.5096859512393102	0.11211662002346907	0.10255737440667903	0.022559747132522998
0.011060185737354095	0.0024345421933057933	0.002226760898135904	0.0004901493961901811	0.11081901246158686	0.024393221602692167	0.022311329084291752	0.0049111175286133445	0.05085088976267255	0.01119317881581834	0.010237872640466803	0.0022535365594023096	0.5095073012436137	0.11215155442513261	0.10257973624188399	0.022579611408839653
0.011067047834013494	0.0024376652749328142	0.002229409072746337	0.0004910571601173838	0.11084037247981761	0.02441407420543193	0.022328315169437035	0.004918109992170641	0.050854802732308656	0.011201450336476071	0.010244480759871982	0.0022564838774172783	0.5093287172675524	0.11218646076448066	0.10260207422224019	0.022599478850985608
0.01107390965956464	0.0024407905012089597	0.0022320588440714185	0.0004919660889633035	0.11086170541909186	0.024434929112956402	0.02234530149302775	0.004925107871340234	0.050858709864417616	0.011209722650536155	0.010251088968645107	0.0022594333303149385	0.5091501993710311	0.11222133903179383	0.10262438835098049	0.022619349442056035
0.011080771210591577	0.0024439178707319387	0.0022347102108788287	0.000492876183117432	0.11088301128659449	0.024455786307080698	0.02236228804167469	0.0049321111623769525	0.050862611165804775	0.011217995752983687	0.010257697263484545	0.002262384916929404	0.508971747613811	0.11225618921741554	0.10264667863137858	0.022639223165145692
0.011085829846668813	0.0024456198819403983	0.00223637973563818	0.0004933626819726831	0.11090212876500961	0.024465868122513345	0.02237263938195219	0.004935577439015659	0.05086784492421729	0.011221840369082412	0.010261732243553128	0.0022638175711783616	0.5088795666008948	0.11226277173705033	0.10265789448036257	0.02264712621895021
0.011090888513822787	0.0024473223016092394	0.0022380497615047536	0.0004938494410628555	0.11092123496569732	0.02447594813664061	0.02238298970829942	0.004939044317462925	0.05087307710726619	0.011225684578916175	0.010265767070422585	0.002265250494877744	0.5087874188087143	0.11226934571354598	0.10266910174980927	0.02265502733034786
0.011095947210776669	0.0024490251292016616	0.0022397202879688373	0.000494336460279044	0.11094032988933784	0.0244860263463612	0.022393339017130514	0.004942511796236813	0.050878307715993734	0.011229528381921875	0.010269801743321053	0.0022666836876156925	0.5086953042405922	0.11227591115268958	0.10268030044299269	0.022662926497580553
0.011101005936254273	0.002450728364180707	0.0022413913145204203	0.0004948237395121108	0.11095941353661976	0.02449610274857727	0.022403687304862148	0.004945979873855218	0.0508835367514421	0.011233371777537108	0.010273836261477216	0.0022681171489803077	0.5086032228998288	0.11228246806026965	0.10269149056318985	0.02267082371889297
0.011106064688979967	0.002452432006009224	0.0022430628406491853	0.0004953112786526794	0.11097848590824007	0.0245061773401942	0.022414034567913695	0.004949448548835825	0.05088876421465323	0.01123721476520003	0.010277870624120269	0.0022695508785596304	0.5085111747897031	0.11228901644207494	0.10270267211368156	0.02267871899253243
0.011111123467678665	0.0024541360541498794	0.002244734865844501	0.0004957990775911339	0.11099754700490419	0.024516250118120742	0.022424380802707138	0.004952917819696173	0.050893990106668355	0.011241057344349386	0.010281904830479874	0.0022709848759416384	0.5084191599134719	0.11229555630389552	0.10271384509775175	0.022686612316749077
0.011116182271075905	0.0024558405080651684	0.0022464073895954325	0.0004962871362176251	0.11101659682732609	0.024526321079269074	0.0224347260056671	0.00495638768495361	0.05089921442852881	0.011244899514424532	0.010285938879786188	0.002272419140714256	0.5083271782743706	0.11230208765152208	0.10272500951868781	0.022694503689795656
0.011121241097897817	0.0024575453672174073	0.0022480804113907513	0.000496775454422066	0.11103563537622804	0.024536390220554646	0.02244507017322084	0.004959858143125323	0.05090443718127546	0.011248741274865439	0.010289972771269904	0.002273853672465358	0.5082352298756126	0.1123086104907463	0.10273616537978034	0.022702393109927735
0.011126299946871133	0.002459250631068753	0.0022497539307189214	0.0004972640320941364	0.11105466265234104	0.024546457538896366	0.022455413301798316	0.004963329192728335	0.05090965836594889	0.011252582625112702	0.010294006504162201	0.002275288470782761	0.5081433147203893	0.11231512482736045	0.10274731268432323	0.0227102805754035
0.011131358816723055	0.002460956299081151	0.002251427947068082	0.0004977528691232733	0.11107367865640387	0.024556523031216346	0.022465755387832007	0.00496680083227947	0.05091487798358926	0.011256423564607437	0.010298040077694694	0.002276723535254218	0.5080514328118714	0.11232163066715795	0.10275845143561396	0.022718166084483914
0.011136417706181564	0.0024626623707164163	0.0022531024599261136	0.0004982419653986867	0.11109268338916435	0.024566586694440173	0.022476096427757174	0.004970273060295433	0.05092009603523666	0.011260264092791489	0.01030207349109964	0.00227815886546745	0.5079595841532065	0.11232812801593262	0.10276958163695303	0.022726049635432653
0.011141476613975094	0.002464368845436164	0.0022547774687805607	0.000498731320809345	0.11111167685137836	0.024576648525496767	0.022486436418011655	0.004973745875292736	0.05092531252193075	0.011264104209107208	0.010306106743609662	0.002279594461010102	0.5078677687475218	0.11233461687947945	0.10278070329164442	0.02273393122651605
0.011146535538832684	0.002466075722701838	0.002256452973118679	0.0004992209352439838	0.11113065904381021	0.024586708521318376	0.022496775355035963	0.004977219275787747	0.05093052744471073	0.011267943912997565	0.010310139834457943	0.0022810303214697825	0.507775986597922	0.1123410972635939	0.1027918164029953	0.022741810856003245
0.011151594479483978	0.002467783001974707	0.0022581289724274184	0.0004997108085911004	0.11114962996723254	0.02459676667884065	0.022507113235273296	0.00498069326029667	0.050935740804615576	0.011271783203906123	0.010314172762878137	0.0022824664464340303	0.5076842377074908	0.11234756917407261	0.1028029209743163	0.022749688522166033
0.011156653434659268	0.002469490682715888	0.002259805466193444	0.0005002009407389624	0.1111685896224266	0.02460682299500262	0.022517450055169502	0.004984167827335555	0.050940952602684046	0.011275622081277088	0.01031820552810443	0.0022839028354903505	0.5075925220792897	0.1123540326167125	0.10281401700892101	0.022757564223278896
0.01116171240308936	0.0024711987643863107	0.0022614824539031095	0.0005006913315755986	0.11118753801018143	0.024616877466746585	0.022527785811173016	0.0049876429754202945	0.05094616283995467	0.011279460544555283	0.010322238129371528	0.0022853394882261925	0.5075008397163592	0.1123604875973117	0.10282510451012665	0.022765437957619095
0.011166771383505688	0.0024729072464467383	0.0022631599350424764	0.0005011819809888041	0.11120647513129521	0.02462693009101837	0.022538120499735123	0.004991118703066657	0.050951371517465184	0.011283298593186018	0.010326270565914543	0.0022867764042289376	0.5074091906217174	0.11236693412166879	0.10283618348125355	0.022773309723466577
0.011171830374640259	0.002474616128357766	0.002264837909097309	0.0005016728888661406	0.11122540098657364	0.024636980864767004	0.02254845411730956	0.00499459500879023	0.05095657863625353	0.011287136226615337	0.010330302836969202	0.0022882135830859427	0.5073175747983617	0.11237337219558327	0.10284725392562517	0.02278117951910399
0.01117688937522573	0.0024763254095798207	0.0022665163755530788	0.0005021640550949352	0.11124431557683132	0.02464702978494497	0.022558786660352912	0.004998071891106466	0.05096178419735707	0.011290973444289814	0.010334334941771682	0.002289651024384499	0.5072259922492673	0.11237980182485524	0.10285831584656839	0.022789047342816695
0.011181948383995288	0.0024780350895731596	0.002268195333894949	0.0005026554795622787	0.11126321890289088	0.02465707684850816	0.022569118125324368	0.0050015493485306905	0.050966988201812835	0.011294810245656619	0.010338366879558612	0.0022910887277118406	0.5071344429773885	0.11238622301528574	0.10286936924741327	0.022796913192892794
0.011190435447380794	0.0024809641414594913	0.0022706443449678573	0.0005034109016009351	0.11127592706688638	0.024670316553697953	0.022578929632682	0.005005838694537349	0.050986779426272756	0.011303972221625627	0.010345695921912246	0.0022936820217050267	0.50700450179008	0.11240491886257518	0.10287597031198145	0.022808012660634765
0.011198925044697577	0.0024838952584835387	0.0022730948597309056	0.0005041670983271923	0.11128861810057178	0.024683553976823713	0.02258873818168294	0.005010129047267278	0.051006570022961724	0.011313137370405945	0.010353026890433105	0.0022962770356495243	0.506874603522159	0.11242359595312507	0.10288255803086091	0.02281910960681975
0.011207417172741225	0.002486828440089012	0.0022755468776009553	0.0005049240699041179	0.11130129201064815	0.024696789110691432	0.02259854376829936	0.005014420404041898	0.0510263599863123	0.01132230568848758	0.010360359782502427	0.002298873769002363	0.5067447481914245	0.11244225428970535	0.10288913241244467	0.022830204026104684
0.011215911828304531	0.0024897636857168044	0.002278000397992947	0.000505681816493794	0.11131394880383036	0.024710021948114	0.022608346388509695	0.005018712762181833	0.05104614931075705	0.011331477172356911	0.010367694595499502	0.0023014722212183355	0.5066149358156319	0.11246089387510669	0.1028956934651328	0.022841295913152898
0.011224409008177805	0.0024927009948050474	0.002280455420319965	0.0005064403382573264	0.11132658848684739	0.024723252481911064	0.022618146038298745	0.005023006119006889	0.05106593799072936	0.011340651818496843	0.010375031326801887	0.0023040723917500143	0.5064851664124906	0.11247951471214035	0.10290224119733257	0.022852385262634112
0.01123290870914881	0.002495640366789113	0.0022829119439932346	0.000507199635354844	0.11133921106644312	0.02473648070490943	0.02262794271365779	0.005027300471836129	0.05108572602066318	0.011349829623386735	0.0103823699737853	0.0023066742800477414	0.5063554399996643	0.11249811680363796	0.10290877561745794	0.0228634720692244
0.011241410928002646	0.002498581801101567	0.0022853699684220775	0.0005079597079454903	0.1113518165493747	0.024749706609942593	0.022637736410584273	0.005031595817987775	0.05110551339499304	0.011359010583502437	0.010389710533823643	0.0023092778855596423	0.5062257565947719	0.1125167001524518	0.10291529673393006	0.022874556327606276
0.011249915661521965	0.0025015252971722296	0.0022878294930139655	0.000508720556187432	0.11136440494241404	0.024762930189851082	0.022647527125082147	0.005035892154779301	0.051125300108154144	0.011368194695316296	0.010397053004289027	0.002311883207731617	0.506096116215387	0.11253526476145444	0.10292180455517681	0.02288563803246856
0.01125842290648679	0.002504470854428135	0.0022902905171744907	0.0005094821802378509	0.11137697625234694	0.024776151437482397	0.022657314853161664	0.005040189479527404	0.051145086154582166	0.011377381955297151	0.01040439738255175	0.0023144902460073354	0.5059665188790374	0.11255381063353899	0.10292829908963302	0.02289671717850655
0.011266932659674544	0.0025074184722935293	0.00229275304030736	0.0005102445802529441	0.11138953048597318	0.02478937034569089	0.022667099590839436	0.005044487789548008	0.05116487152871324	0.011386572359910297	0.010411743665980272	0.002317098999828246	0.5058369646032066	0.11257233777161901	0.10293478034574043	0.022907793760421926
0.011275444917860204	0.002510368150189913	0.0022952170618144333	0.0005110077563879296	0.11140206765010681	0.02480258690733799	0.0226768813341385	0.005048787082156294	0.051184656224984436	0.011395765905617621	0.010419091851941339	0.002319709468633587	0.5057074534053321	0.11259084617862834	0.10294124833194777	0.02291886777292278
0.011283959677816147	0.0025133198875359995	0.0022976825810956856	0.0005117717087970371	0.11141458775157582	0.024815801115292014	0.022686660079088206	0.005053087354666673	0.05120444023783325	0.011404962588877448	0.010426441937799836	0.002322321651860362	0.5055779853028064	0.11260933585752125	0.10294770305671035	0.022929939210723598
0.01129247693631221	0.002516273683747729	0.0023001495975492293	0.0005125364376335116	0.111427090797222	0.02482901296242829	0.022696435821724276	0.005057388604392818	0.051224223561697826	0.011414162406144679	0.010433793920918887	0.0023249355489433554	0.505448560312977	0.1126278068112724	0.10295414452849042	0.022941008068545352
0.01130099669011571	0.0025192295382382786	0.002302618110571306	0.000513301943049614	0.11143957679390155	0.024842222441629203	0.022706208558088893	0.005061690828647668	0.05124400619101691	0.011423365353870682	0.010441147798659832	0.0023275511593151446	0.5053191784531462	0.11264625904287669	0.10296057275575708	0.022952074341115382
0.011309518935991426	0.0025221874504180496	0.0023050881195562888	0.0005140682251966142	0.11145204574848416	0.024855429545784027	0.0227159782842305	0.005065994024743418	0.05126378812022989	0.011432571428503398	0.010448503568382225	0.00233016848240607	0.5051898397405711	0.11266469255534922	0.10296698774698608	0.022963138023167483
0.01131804367070161	0.0025251474196946746	0.0023075596238966876	0.0005148352842247971	0.11146449766785389	0.024868634267789163	0.02272574499620405	0.005070298189991558	0.05128356934377676	0.01144178062648729	0.010455861227443837	0.002332787517644265	0.5050605441924639	0.11268310735172563	0.10297338951066008	0.022974199109441932
0.011326570891006025	0.0025281094454730193	0.0023100326229831426	0.0005156031202834582	0.11147693255890825	0.02488183660054795	0.022735508690070745	0.0050746033217028315	0.05130334985609831	0.011450992944263381	0.010463220773200698	0.0023354082644556438	0.5049312918259915	0.11270150343506151	0.10297977805526823	0.022985257594685393
0.011335100593661879	0.0025310735271551793	0.0023125071162044355	0.000516371733520904	0.11148935042855881	0.024895036536970814	0.02274526936189827	0.005078909417187283	0.051323129651635775	0.011460208378269226	0.01047058220300704	0.0023380307222639033	0.504802082658276	0.1127198808084328	0.10298615338930671	0.022996313473651057
0.011343632775423879	0.002534039664140478	0.002314983102947476	0.000517141124084449	0.11150175128373103	0.024908234069975242	0.022755027007760675	0.005083216473754254	0.05134290872483109	0.011469426924938915	0.01047794551421532	0.002340654890490517	0.5046729167063944	0.1127382394749357	0.10299251552127808	0.023007366741098517
0.011352167433044244	0.0025370078558254764	0.002317460582597314	0.0005179112921204178	0.11151413513136421	0.02492142919248573	0.02276478162373839	0.005087524488712375	0.051362687070126915	0.01147864858070313	0.010485310704176251	0.002343280768554749	0.5045437939873788	0.11275657943768644	0.10299886445969168	0.02301841739179383
0.01135958632938107	0.0025396179765262566	0.0023195894700635284	0.0005185814822409396	0.11155736377183365	0.02494044045565734	0.022779639927899633	0.005092754382266422	0.05136328103222779	0.011483086448793516	0.010488209902689373	0.0023448077806810332	0.5044155711732997	0.11277020263300983	0.10299996967349216	0.023027297559937838
0.01136700593832327	0.0025422293935486976	0.0023217191861253624	0.0005192521927550344	0.111600576673293	0.024959454397688194	0.022794498520624453	0.005097986617123355	0.051363872247068454	0.011487523319816178	0.010491108064583412	0.002346334948481069	0.5042873905449671	0.11278380903428073	0.10300106433498087	0.023036174586340906
0.011374426256222451	0.0025448421057742746	0.00232384972981816	0.0005199234235395595	0.11164377381664664	0.024978471006457552	0.022809357393104912	0.005103221190420277	0.0513644607191818	0.011491959192847593	0.01049400518986421	0.002347862271362546	0.5041592521301247	0.11279739864984697	0.10300214845623448	0.02304504846855389
0.01138184727943117	0.0025474561120829003	0.0023259811001764695	0.0005205951744706581	0.11168695518283335	0.02499749026984459	0.022824216536536577	0.005108458099291027	0.05136504645310025	0.011496394066966596	0.010496901278539084	0.0023493897487334415	0.5040311559564581	0.11281097148807105	0.10300322204933073	0.0230539192041341
0.011389269004302727	0.0025500714113528542	0.002328113296233999	0.0005212674454237496	0.1117301207528255	0.025016512175728155	0.022839075942118255	0.005113697340866181	0.05136562945335501	0.011500827941254156	0.010499796330616724	0.0023509173800019944	0.5039031020515969	0.11282452755732991	0.10300428512634849	0.02306278679064532
0.011396691427191345	0.002552688002460837	0.0023302463170236667	0.000521940236273539	0.11177327050762989	0.025035536711987	0.02285393560105219	0.005118938912273052	0.05136620972447669	0.011505260814793604	0.010502690346107355	0.0023524451645767436	0.5037750904431137	0.1128380668660152	0.10300533769936746	0.02307165122565773
0.011404114544452096	0.002555305884281958	0.002332380161577571	0.0005226135468940096	0.11181640442828712	0.02505456386649972	0.022868795504544046	0.005124182810635716	0.051366787270994856	0.01150969268667048	0.010505583325022605	0.0023539731018664923	0.503647121158524	0.11285158942253296	0.10300637978046845	0.023080512506748
0.011411538352440924	0.0025579250556897414	0.0023345148289270097	0.0005232873771584305	0.1118595224958721	0.025073593627144824	0.022883655643802906	0.005129429033075008	0.051367362097438224	0.011514123555972592	0.010508475267375524	0.0023555011912803334	0.5035191942252859	0.11286509523530393	0.10300741138173333	0.02308937063149921
0.011418962847514652	0.0025605455155561173	0.002336650318102474	0.0005239617269393509	0.11190262469149358	0.025092625981800717	0.02289851601004122	0.0051346775767085115	0.05136793420833479	0.011518553421790059	0.010511366173180681	0.0023570294322276474	0.5033913096708015	0.1128785843127631	0.10300843251524465	0.023098225597500903
0.01142638802603098	0.0025631672627514407	0.0023387866281336486	0.0005246365961086038	0.11194571099629443	0.025111660918345748	0.022913376594474982	0.005139928438650604	0.05136850360821155	0.01152298228321519	0.010514256042454005	0.002358557824118092	0.5032634675224154	0.11289205666336008	0.10300944319308618	0.023107077402349106
0.011433813884348516	0.002565790296144485	0.002340923758049431	0.000525311984537305	0.11198878139145177	0.025130698424658274	0.02292823738832363	0.005145181616012458	0.05136907030159453	0.01152741013934258	0.010517144875212894	0.002360086366361604	0.5031356678074151	0.11290551229555872	0.10301044342734239	0.023115926043646227
0.011441240418826801	0.0025684146146024533	0.0023430617068779173	0.0005259878920958561	0.1120318358581769	0.02514973848861665	0.0229430983828101	0.0051504371059020075	0.05136963429300903	0.01153183698926911	0.010520032671476208	0.002361615058368422	0.5030079105530317	0.11291895121783721	0.10301143323009855	0.023124771519001074
0.011448667625826203	0.002571040216990962	0.0023452004736464007	0.0005266643186539379	0.11207487437771518	0.025168781098099294	0.022957959569160843	0.0051556949054240185	0.05137019558697913	0.01153626283209385	0.010522919431264181	0.0023631438995490497	0.5028801957864389	0.11293237343868817	0.10301241261344092	0.023133613826029017
0.011456095501708086	0.0025736671021740747	0.0023473400573813994	0.0005273412640805201	0.11211789693134622	0.025187826240984663	0.022972820938605854	0.005160955011680044	0.0513707541880283	0.011540687666918183	0.01052580515459853	0.002364672889314291	0.5027525235347534	0.11294577896661827	0.10301338158945643	0.02314245296235169
0.011463524042834749	0.0025762952690142837	0.0023494804571086328	0.0005280187282438569	0.11216090350038369	0.025206873905151306	0.02298768248237863	0.005166217421768466	0.051371310100679086	0.011545111492845761	0.010528689841502403	0.002366202027075245	0.5026248938250352	0.1129591678101486	0.1030143401702328	0.023151288925597317
0.011470953245569338	0.002578924716372505	0.0023516216718530306	0.0005286967110114832	0.1122038940661757	0.025225924078477988	0.023002544191716323	0.005171482132784481	0.05137186332945273	0.011549534308982397	0.010531573492000321	0.0023677313122432713	0.502497306684287	0.11297253997781442	0.1030152883678585	0.0231601217134004
0.011478383106276002	0.0025815554431081107	0.002353763700638749	0.0005293752122502247	0.11224686861010442	0.025244976748843524	0.023017406057859614	0.005176749141820137	0.05137241387886987	0.011553956114436227	0.01053445610611828	0.00236926074423005	0.5023697621394548	0.1129858954781651	0.10301622619442286	0.023168951323402
0.011485813621319833	0.002584187448078909	0.00235590654248915	0.0005300542318261873	0.11228982711358633	0.02526403190412697	0.02303226807205277	0.005182018445964294	0.05137296175345006	0.011558376908317645	0.01053733768388367	0.002370790322447528	0.5022422602174277	0.112999234319764	0.1030171536620155	0.023177777753249466
0.011493244787066882	0.0025868207301411555	0.0023580501964268327	0.0005307337696047684	0.11233276955807221	0.025283089532207634	0.023047130225543774	0.0051872900423026985	0.051373506957711874	0.011562796689739271	0.010540218225325344	0.0023723200463079616	0.502114800945037	0.11301255651118877	0.1030180707827271	0.023186601000596663
0.01150067659988411	0.0025894552881495507	0.0023601946614736037	0.0005314138254506475	0.11237569592504716	0.02530214962096504	0.023061992509584163	0.00519256392791793	0.05137404949617286	0.01156721545781594	0.0105430977304735	0.002373849915223878	0.5019873843490581	0.11302586206103107	0.10301897756864876	0.02319542106310385
0.011507736649027812	0.0025929562956054607	0.0023632644771240598	0.0005324975441332563	0.11238900448737178	0.025323813503064542	0.02308055441525774	0.005200576855585494	0.05137936771925228	0.01157694680153444	0.010551426252725501	0.0023774776886237403	0.5017907660969287	0.11306493759028104	0.1030493074905327	0.023219366132951388
0.011514795950707184	0.0025964598299582737	0.002366336394123415	0.0005335828283724301	0.1124022823378419	0.025345478298980262	0.023099116355790515	0.005208596659644564	0.051384678286029245	0.011586679748051477	0.010559755887040837	0.00238110880055873	0.5015942220140442	0.11310397978165229	0.10307960885411574	0.023243317973088814
0.011521854501265224	0.002599965889441595	0.0023694104109721536	0.0005346696789079318	0.11241552949639773	0.025367143987285585	0.023117678314238638	0.005216623335549315	0.05138998120423902	0.011596414290372618	0.010568086628035113	0.002384743250015688	0.5013977521804388	0.1131429886194692	0.10310988165350551	0.02326727655986592
0.01152891229705036	0.0026034744722843233	0.0023724865261671745	0.0005357580964767202	0.11242874598302488	0.025388810546562297	0.02313624027366762	0.005224656878736164	0.05139527648162348	0.011606150421504686	0.010576418470325689	0.002388381035974591	0.5012013566759581	0.11318196408814503	0.10314012588287665	0.023291241869622146
0.011535969334416366	0.002606985576710628	0.002375564738201774	0.0005368480818129452	0.1124419318177537	0.025410477955400565	0.023154802217152198	0.005232697284623726	0.05140056412593144	0.011615888134455797	0.010584751408531675	0.002392022157408556	0.5010050355802602	0.1132209061721829	0.10317034153647092	0.02331521387868676
0.011543025609722393	0.0026104992009399726	0.0023786450455656584	0.0005379396356479463	0.11245508702065946	0.025432146192399075	0.023173364127776534	0.005240744548612892	0.05140584414491832	0.011625627422235387	0.010593085437273941	0.002395666613283856	0.5008087889728139	0.11325981485617499	0.10320052860859683	0.023339192563378856
0.011550081119333047	0.0026140153431871145	0.002381727446744962	0.0005390327587102445	0.11246821161186255	0.025453815236165207	0.023191925988634204	0.005248798666086811	0.051411116546346274	0.011635368277854162	0.010601420551175104	0.002399314402559897	0.5006126169329002	0.11329869012480306	0.10323068709362965	0.023363177900007505
0.011557135859618286	0.0026175340016621204	0.0023848119402222305	0.000540127451725541	0.11248130561152733	0.025475485065314912	0.0232104877828282	0.005256859632410921	0.05141638133798408	0.011645110694324239	0.010609756744859604	0.002402965524189248	0.5004165195396116	0.1133375319628381	0.10326081698601162	0.023387169864871875
0.011564189826953453	0.0026210551745703588	0.002387898524476439	0.0005412237154167128	0.11249436903986319	0.025497155658472912	0.02322904949347116	0.005264927442932979	0.05142163852760702	0.011654854664659032	0.010618094012953626	0.002406619977117632	0.5002204968718522	0.11337634035514027	0.10329091828025175	0.023411168434261283
0.011571243017719309	0.002624578860112528	0.0023909871979830026	0.0005423215505038061	0.11250740191712373	0.025518826994272843	0.023247611103685215	0.005273002092983056	0.05142688812299688	0.011664600181873378	0.01062643235008519	0.002410277760283923	0.5000245490083375	0.11341511528665894	0.10332099097092538	0.02343517358445528
0.011578295428302071	0.0026281050564846433	0.0023940779592137853	0.0005434209577040371	0.11252040426360681	0.025540499051357125	0.02326617259660218	0.005281083577873569	0.05143213013194221	0.011674347238983506	0.010634771750884167	0.0024139388726201663	0.49982867602759445	0.1134538567424327	0.10335103505267479	0.023459185291723767
0.011585347055093313	0.0026316337618780654	0.0023971708066370806	0.0005445219377317826	0.11253337609965411	0.025562171808377186	0.02328473395536349	0.005289171892899293	0.051437364562237915	0.011684095829007117	0.010643112209982241	0.002417603313051576	0.4996328780079618	0.11349256470758931	0.10338105052020861	0.023483203532327128
0.01159239789449006	0.0026351649744794812	0.0024002657387176473	0.0005456244912985795	0.11254631744565141	0.025583845243993496	0.02330329516312041	0.005297267033337399	0.051442591421685245	0.011693845944963302	0.010651453722012968	0.0024212710804965352	0.4994371550275896	0.11353123916734555	0.10341103736830208	0.023507228282516248
0.01159944794289472	0.002638698692470935	0.0024033627539166973	0.0005467286191131186	0.11255922832202842	0.0256055193368757	0.023321856203033932	0.0053053689944474415	0.05144781071809196	0.011703597579872648	0.010659796281611773	0.0024249421738665945	0.4992415071644393	0.11356988010700719	0.10344099559179674	0.02353125951853269
0.011606497196715186	0.0026422349140298265	0.002406461850691907	0.0005478343218812416	0.11257210874925833	0.025627194065702564	0.0233404170582749	0.0053134777714714	0.05145302245927227	0.011713350726757261	0.010668139883415946	0.0024286165920664898	0.4990459344962839	0.11360848751196923	0.1034709251856006	0.02355529721660871
0.011613545652364698	0.002645773637328906	0.002409563027497423	0.0005489416003059347	0.1125849587478579	0.025648869409162132	0.023358977712024075	0.005321593359633698	0.05145822665304649	0.011723105378640717	0.010676484522064687	0.002432294333994133	0.4988504371007084	0.11364706136771548	0.10350082614468802	0.023579341352967423
0.011620593306261978	0.0026493148605363052	0.002412666282783868	0.0005500504550873307	0.11259777833838724	0.025670545345951826	0.02337753814747213	0.005329715754141205	0.05146342330724136	0.011732861528548128	0.0106848301921991	0.002435975398540627	0.49865501505510806	0.11368560165981859	0.10353069846409946	0.023603391903822848
0.011627640154831234	0.0026528585818155464	0.002415771614998357	0.0005511608869227014	0.11261056754144987	0.02569222185477846	0.023396098347819787	0.005337844950183284	0.051468612429690086	0.011742619169506236	0.010693176888462252	0.002439659784590273	0.4984596684366902	0.11372410837394019	0.10356054213894159	0.02362744884538004
0.011634686194501982	0.002656404799325506	0.0024188790225844734	0.0005522728965064468	0.11262332637769247	0.025713898914358387	0.023414658296277802	0.005345980942931782	0.051473794028231545	0.011752378294543222	0.010701524605499058	0.002443347491020534	0.49826439732247363	0.11376258149583082	0.10359035716438725	0.023651512153835135
