0.010865225445984046	0.0023420268070129253	0.0021402577167973203	0.0004613379604109654	0.11033965882173621	0.023783992345292944	0.021734966056253448	0.004685026869099751	0.05074561612121308	0.010938345815750768	0.009995991066821747	0.002154661139572698	0.5153371181619634	0.11108221834736139	0.10151232014296614	0.021881237181763127
1.5365016357680263e-6	0.00047722464756472455	0.0028159739385755825	0.8746181189169071	1.516863015076415e-7	4.711250550748494e-5	0.00027799818883429087	0.08634392870253066	5.641795421675e-8	1.7522948033799683e-5	0.00010339819043713948	0.03211461923731002	5.56968545594069e-9	1.7298980468895272e-6	1.0207661824032305e-5	0.003170414988851442
2.09048139877054e-28	3.4475088079187227e-40	6.169381085197638e-39	1.0174209463492457e-50	5.884182030329955e-14	9.703874614186943e-26	1.736526397275174e-24	2.8637853717858465e-36	3.552713678689591e-15	5.8589431632824045e-27	1.0484687681660857e-25	1.729077960323448e-37	0.9999999999687768	1.6491458904339496e-12	2.951177221013962e-11	4.866921786129428e-23
1.6751688059598355e-18	2.3578767169910257e-23	1.4580168032710438e-21	2.052225340624482e-26	4.3347523069212434e-8	6.101362144548985e-13	3.7728387008064805e-11	5.310443041886191e-16	3.861093571101136e-11	5.434665808623797e-16	3.360580310258113e-14	4.730170500396746e-19	0.99911628040253	1.4063018644726793e-5	0.000869600914287482	1.224003062603416e-8
3.2573614964721216e-15	3.9105016400198746e-13	8.012684904341634e-11	9.619324564782378e-9	1.0148280956249317e-8	1.2183133301531346e-6	0.0002496344900964311	0.02996892067352326	1.045316449150692e-13	1.2549149651246017e-11	2.5713422785408168e-9	3.0869273208320934e-7	3.2566741596409414e-7	3.909676483890147e-5	0.008010994145284852	0.9617294788206557
0.002658376545014964	2.1703155910486034e-15	1.0272858868677594e-12	8.386827595639765e-25	0.997145316864464	8.140758056981183e-13	3.8533040516477205e-10	3.1458620397565848e-22	5.219582702651845e-7	4.2613006571908077e-19	2.0170218759371158e-16	1.6467095427249948e-28	0.00019578424500080549	1.5983950814030954e-16	7.565760092848501e-14	6.176734864153744e-26
1.846417723372057e-12	1.2865888813092005e-17	2.1043280277723528e-14	1.4663014814517625e-19	9.498324932165108e-14	6.618458593685866e-19	1.0825064728658062e-15	7.542934485003051e-21	0.9403512575972345	6.552393086545055e-6	0.010717008845100354	7.467640852047946e-8	0.04837346220180792	3.3706759760524994e-7	0.0005513033753041985	3.841496882943922e-9
1.0698064429492297e-28	6.3601922474336256e-27	2.0704701695192612e-23	1.2309318575812632e-21	1.2044949744561777e-13	7.160939858886705e-12	2.33114217098217e-8	1.3859060637803685e-6	7.591442901762009e-23	4.5132497199694975e-21	1.4692242858788717e-17	8.73480336034158e-16	8.547204855894951e-8	5.081467439271152e-6	0.016541994866019438	0.9834514289697249
6.877741992808693e-12	4.1718347222265595e-24	2.0874566616291263e-20	1.266189425429608e-32	0.5030058343841278	3.05108450936422e-13	1.5266680269793947e-9	9.260316381343142e-22	6.795542692361834e-12	4.1219750595486635e-24	2.0625084333474445e-20	1.2510565685832302e-32	0.4969941625665021	3.014619487481134e-13	1.5084220613756391e-9	9.149641754516618e-22
1.507826563935506e-12	7.806134763065025e-18	1.3496823724822258e-13	6.987410050284951e-19	1.3276979634197541e-5	6.873595063911398e-11	1.1884460587635864e-6	6.152677181338517e-12	1.0423452494614936e-7	5.396301989600098e-13	9.330217698027904e-9	4.8303258784247956e-14	0.917824170226963	4.751646729773661e-6	0.08215607373040308	4.25328349084095e-7
4.0332485155869867e-10	1.7816932647207643e-8	1.9027741400047887e-5	0.0008405531809978204	4.2757657542854323e-7	1.888825599635865e-5	0.020171870080731468	0.891095228096328	3.8846517655368026e-11	1.716050439166962e-9	1.8326703385178387e-6	8.095847270436646e-5	4.1182339551395966e-8	1.8192357034435565e-6	0.0019428678996708966	0.08582646563205962
7.144974429124166e-11	1.2268034433426139e-9	3.3715293214084234e-6	5.7889693264324956e-5	7.647844847079085e-8	1.3131470917939712e-6	0.003608820913676823	0.06196402754443817	1.0171340805169672e-9	1.7464353507452615e-8	4.799593630857967e-5	0.0008240978398719903	1.0887209903456205e-6	1.8693512104830718e-5	0.051373938118250514	0.882098666786492
1.3824376276780873e-9	1.2909899077366529e-8	6.52477878803802e-5	0.0006093167168575308	1.4939064859218161e-6	1.3950851436723804e-5	0.07050885447198545	0.6584472073600249	5.122311101728605e-10	4.783472182919274e-9	2.417609746229586e-5	0.0002257685786859194	5.535333836821456e-7	5.169173622170616e-6	0.026125467131463208	0.24397277480267188
2.3287219242378496e-10	1.8104790408218298e-9	1.0993395228245848e-5	8.546882064814945e-5	2.540362795996178e-7	1.9750205253638794e-6	0.01199250625368579	0.09323647015660255	1.978058639226348e-9	1.5378537345148793e-8	9.337989297617975e-5	0.000725987664340345	2.1578302342964472e-6	1.6776182558267338e-5	0.10186652323824755	0.7919674881087265
1.655148626348215e-9	1.2775272973241732e-8	7.815290956637578e-5	0.0006032236244344823	1.8225391294691538e-6	1.406727741106457e-5	0.08605676463076582	0.6642295693877791	5.488257263946138e-10	4.236114121605048e-9	2.591448688040349e-5	0.00020002109695071928	6.043302369892895e-7	4.66452596499197e-6	0.02853530227303823	0.22024987370248084
2.088299553136304e-10	1.612252304797688e-9	9.8626783938195e-6	7.614389395445116e-5	2.3209010988610603e-7	1.7918301712158617e-6	0.01096121535224735	0.08462504667256002	1.97388753173403e-9	1.523921564638621e-8	9.322330161793722e-5	0.0007197218553662124	2.1937454971674936e-6	1.6936608680665595e-5	0.10360681389774003	0.7998867990394758
1.620526196831587e-9	1.2511008640617092e-8	7.655120563015519e-5	0.0005910011186249641	1.8176354786349811e-6	1.4032758756480462e-5	0.08586234986987495	0.6628862916415611	5.418128421130039e-10	4.1829778269098625e-9	2.559441888119113e-5	0.00019759754356345863	6.077151029894723e-7	4.691765501477388e-6	0.028707541972758766	0.22163190349794037
2.063706672259663e-10	1.5932516655990543e-9	9.750745686994655e-6	7.527906952796964e-5	2.3358728530747745e-7	1.8033732040581024e-6	0.01103669550215075	0.0852070390035486	1.9359416630510207e-9	1.4946127376626256e-8	9.147072631498883e-5	0.0007061850844109396	2.1912579130762836e-6	1.6917255570740393e-5	0.10353408714633959	0.7993183285663557
1.5911220568842785e-9	1.2284002713634263e-8	7.519469802125167e-5	0.0005805286090702092	1.8172701069921328e-6	1.4029942473056469e-5	0.08588220892739445	0.6630398233450809	5.315241630214909e-10	4.103547074008693e-9	2.5119253897883957e-5	0.00019392917200224274	6.070703177193274e-7	4.686789047996566e-6	0.028689483010472853	0.22149255340191842
2.0247103655548921e-10	1.5631451734577005e-9	9.57062878165777e-6	7.388850495119464e-5	2.3332353613335919e-7	1.801336949549277e-6	0.011028999447751172	0.08514762184316267	1.9008593615222303e-9	1.4675279916251388e-8	8.985195919754423e-5	0.0006936876440935681	2.1905119639223917e-6	1.6911496390093514e-5	0.10354358433254622	0.7993916406289208
1.5623852784571995e-9	1.2062145028787742e-8	7.386854163323406e-5	0.0005702902315650083	1.8164730754639114e-6	1.402378912502923e-5	0.08588164446419567	0.6630354657852685	5.219703277984848e-10	4.029788222816821e-9	2.467841154287437e-5	0.00019052571936942713	6.068573864016934e-7	4.6851451479346795e-6	0.028691815476599245	0.22151056092880234
1.4458154679265242e-10	1.6470330059597814e-12	6.839987407646979e-6	7.791924537161166e-8	1.7241176512195958e-7	1.9640671584382545e-9	0.008156603166347646	9.291776806591296e-5	1.7366417265181226e-8	1.9783342387423452e-10	0.0008215853132359733	9.359272729680184e-6	2.07092448583939e-5	2.359139915634862e-7	0.979730658549646	0.011160820778160224
6.461531809078407e-15	1.726730544578519e-8	3.058783943141868e-10	0.0008174061228745509	7.898182835441126e-12	2.1106502222059134e-5	3.738871145554518e-7	0.9991474467713014	8.81955263392005e-20	2.356870069278472e-13	4.175032605182964e-15	1.1157039130956243e-8	1.0780483836917321e-16	2.8808943879818357e-10	5.103305506185566e-12	1.3637684927071751e-5
1.3982171002556643e-11	1.8699808730901943e-9	6.62305917061794e-7	8.857704549697959e-5	1.7508218498471697e-8	2.341555807609516e-6	0.0008293273417002452	0.11091455441552085	1.1104229122918172e-10	1.4850838304345712e-8	5.259838869925007e-6	0.0007034528529580701	1.3904512375481238e-7	1.8595947787393928e-5	0.006586273918732843	0.8808507813780231
1.6307683853669716e-8	1.3587338113596833e-10	0.0007729419016438587	6.440045719575478e-6	2.090671613741389e-5	1.7419188620100043e-7	0.9909240989329464	0.00825624343587171	3.1276017718821445e-13	2.6058748219897843e-15	1.4824020890000832e-8	1.2351170518315998e-10	4.0096363789207627e-10	3.340773937110302e-12	1.9004636068695852e-5	1.5834401642089693e-7
6.186292276009195e-16	1.3210616998523101e-9	2.933968022157126e-11	6.265389040369777e-5	8.115445581338889e-13	1.7330258346051897e-6	3.848906058568071e-8	0.0821920813541633	6.902103682293052e-15	1.4739207939539967e-8	3.2734553406074254e-10	0.0006990352676067206	9.05447792171609e-12	1.9335530008701597e-5	4.2942601956692996e-7	0.9170246765900744
1.4548282580093398e-10	1.5548162523950944e-8	6.904096844820901e-6	0.0007378604260220717	1.951889057668389e-7	2.0860392372963297e-5	0.009262970395507846	0.989959937683429	1.6375910541208134e-15	1.7501400400400513e-13	7.771423992913614e-11	8.305541401133308e-9	2.1970951154383988e-12	2.3480979110316176e-10	1.0426631027242738e-7	1.1143236522685026e-5
2.0181034326279003e-9	1.4189897826595239e-11	9.58315703843419e-5	6.738208608788946e-7	2.7677795297331584e-6	1.9461098028218293e-8	0.13143065638938897	0.0009241288406210479	1.3218146249075054e-8	9.294079862256066e-11	0.0006276763084284977	4.41338265461297e-6	1.8128364491987143e-5	1.2746603357668692e-7	0.860842714837794	0.006052846435334043
8.018763704825906e-15	1.5007478213371984e-8	3.8101534710557386e-10	0.0007130874198482705	1.123654591187705e-11	2.1029702853640826e-5	5.339097893987005e-7	0.9992362697362952	2.330627706554487e-19	4.3618749494448344e-13	1.107408769324753e-14	2.0725654964662823e-8	3.2658656860572575e-16	6.112215041553908e-10	1.5517915152237306e-11	2.904247863345818e-5
8.665591110547661e-12	8.116597709168033e-10	4.120054375304603e-7	3.859035520789966e-5	1.2401164873504077e-8	1.1615510715798947e-6	0.0005896132525081171	0.05522593339048117	1.4647681014575088e-10	1.3719702747434447e-8	6.964238386312717e-6	0.0006523031217529219	2.0962021512316786e-7	1.9634009222903313e-5	0.009966390906897053	0.9334987604611497
1.4286685614333956e-8	9.146426742829185e-11	0.0006796820133722391	4.351367358074022e-6	2.0871058873274874e-5	1.336178426423528e-7	0.9929303198192742	0.006356802883552756	1.117922120837744e-13	7.157008321210511e-16	5.3184592871702625e-9	3.404911367687454e-11	1.6331442455996573e-10	1.0455493041621559e-12	7.769603104185152e-6	4.9741491855877754e-8
1.2653339911941233e-7	7.978068735082791e-10	0.006020067521033961	3.795718190366721e-5	2.0759771255919006e-5	1.3089262057049157e-7	0.9876856668009877	0.006227465786292534	9.900954953040123e-13	6.242660017673878e-15	4.7105679413359694e-8	2.9700644319046266e-10	1.6244055835905993e-10	1.0242054263718802e-12	7.728419028347844e-6	4.872852436651386e-8
1.0621682099615147e-6	6.59717891312884e-9	0.050537224144375364	0.0003138891809475459	1.9825035746391714e-5	1.2313427059058774e-7	0.9432614022801106	0.005858642891332806	8.311072234069515e-12	5.1620477786734674e-14	3.954350322614948e-7	2.456066404437483e-9	1.5512355066363902e-10	9.634799909940045e-13	7.38067057217214e-6	4.584170737443658e-8
6.2088441649466706e-6	3.7996611237034174e-8	0.2954273782550253	0.0018079434661457396	1.4679201926232131e-5	8.983313383993673e-8	0.6984614244993095	0.0042744134827215965	4.858099055033544e-11	2.9730380766723295e-13	2.3115662577498515e-6	1.4146221440093318e-8	1.148571539435433e-10	7.028977552414493e-13	5.465098972034881e-6	3.344507214155666e-8
1.3556898450796942e-5	8.176313600247784e-8	0.6450928355147959	0.0038906253842537135	7.331935084954293e-6	4.421970170302613e-8	0.3488835452245747	0.002104154785901394	1.0607371938834293e-10	6.397421929591828e-13	5.047422658078892e-6	3.044155761380902e-8	5.7367518654627874e-11	3.4598977390785915e-13	2.7297818457278776e-6	1.646361261164597e-8
1.6222771072082887e-5	9.644430120753885e-8	0.771984906278753	0.004589446802768851	4.6667975536599275e-6	2.7744090509562775e-8	0.2220765648529559	0.0013202441812589871	1.2693001826415381e-10	7.545983888543364e-13	6.040155397510172e-6	3.590869672692847e-8	3.65139035796743e-11	2.1707499288831447e-13	1.7375688966809244e-6	1.0329839291680916e-8
1.729601912749735e-5	1.0137728866481241e-7	0.8230985168436478	0.004824433606747029	3.5942344381893936e-6	2.106691369172068e-8	0.17104566163197352	0.0010025512394676384	1.3532477336283384e-10	7.931801249510644e-13	6.439957045958027e-6	3.774656928999062e-8	2.812143980504785e-11	1.6482840934502279e-13	1.3382683740354994e-6	7.84400261502353e-9
1.785859549561892e-5	1.0322169034273057e-7	0.8499137479351268	0.004912454270489037	3.0322949432891264e-6	1.7526496400055782e-8	0.14431085360143972	0.00083410872076683	1.3972377180482112e-10	8.075956426861123e-13	6.649635722999656e-6	3.8434525249189785e-8	2.3724356532123815e-11	1.3712546342965122e-13	1.1290729319958624e-6	6.525978853680126e-9
1.8198394777188422e-5	1.0374560010330048e-7	0.8661288929143083	0.004937636690618316	2.6930864373185724e-6	1.5352775450277394e-8	0.1281739407808167	0.0007306953479533843	1.4237965335525063e-10	8.116794234157435e-13	6.7763741277162365e-6	3.863082480690174e-8	2.1070029422693066e-11	1.2011624505429078e-13	1.0028006030743177e-6	5.716776211509907e-9
1.8421672893767543e-5	1.036000859173547e-7	0.876799715602683	0.004930959657821428	2.4703548618906807e-6	1.3892819474870615e-8	0.11757924770644816	0.000661243972506273	1.4412382010171413e-10	8.105257449407079e-13	6.859731209292516e-6	3.8577861345757594e-8	1.9327070986206784e-11	1.08691877564456e-13	9.1989313032869e-7	5.173309062993898e-9
1.8576627269275397e-5	1.0307935082427213e-7	0.8842195022632194	0.004906421976297161	2.3159045580268136e-6	1.2850660938178413e-8	0.11023357178374746	0.0006116721218443618	1.4533339371761802e-10	8.064365861653387e-13	6.917650830393669e-6	3.838516790425881e-8	1.8118373376679435e-11	1.0053655804080435e-13	8.624073065967036e-7	4.785388866423915e-9
7.577474617394167e-7	1.9451315879140116e-8	0.0360763508313573	0.0009260769995541483	1.9719979629964214e-5	5.062102775403992e-7	0.9388680786666395	0.024100667424296097	5.927669458607677e-12	1.5216279418717533e-13	2.8221629737981636e-7	7.244469462127948e-9	1.5426448372202256e-10	3.959956784179157e-12	7.3445308847339595e-6	1.885335120689452e-7
1.4725972849650571e-5	1.3974138135316137e-6	0.7012727617433627	0.06654692727733041	4.452421053503964e-6	4.225102645067737e-7	0.2120309225416718	0.020120568133643834	1.1518725460488138e-10	1.0930636798740492e-11	5.485388638097183e-6	5.205332057669968e-7	3.48270476072665e-11	3.3048952288454244e-12	1.658515882670184e-6	1.5738403350783595e-7
1.0752509553796107e-6	1.856976205501742e-7	0.05121741448361561	0.00884533229452623	1.6826360779057604e-5	2.905940370066118e-6	0.8014898196185212	0.1384186190709336	8.409907448446498e-12	1.452404942688333e-12	4.0058900985013496e-7	6.918238535436408e-8	1.3160475341878258e-10	2.2728358845617067e-11	6.268727472540729e-6	1.0826196151737871e-6
1.466967634625644e-5	2.2973406824001765e-6	0.6989291589211789	0.109455611221792	3.476699331290273e-6	5.444675550926438e-7	0.16564554541522936	0.025940875678411534	1.1472626693915809e-10	1.7966675893738383e-11	5.4660737814038405e-6	8.560130008747293e-7	2.7190016066754495e-11	4.2580850859201e-12	1.2954542835186431e-6	2.0287426644395075e-7
8.779477164899985e-7	1.4290058034240113e-7	0.04183945981219277	0.006810067360592118	1.7167909663511902e-5	2.794362589141395e-6	0.818153579005345	0.13316809082492598	6.865496311264298e-12	1.1174736135092605e-12	3.271819626734818e-7	5.325430144123982e-8	1.3425198135736842e-10	2.18517409268798e-11	6.397909890540569e-6	1.0413661533192798e-6
1.4349749046382406e-5	2.3030038521953044e-6	0.6840163517880841	0.1097783862310588	3.727135475581498e-6	5.981712523454834e-7	0.17766314953569975	0.028513315212088424	1.1220405399231859e-10	1.8007727364499435e-11	5.348484312832475e-6	8.583829540186006e-7	2.914334660397851e-11	4.677241342540825e-12	1.3891898428686863e-6	2.2295230036540043e-7
9.444599642948838e-7	1.5238390784658278e-7	0.045030883534913614	0.00726550861471138	1.711477381994745e-5	2.761383452120256e-6	0.8160148823119536	0.13165993406666043	7.384290213264038e-12	1.1914184210132575e-12	3.5207539244900505e-7	5.6805609751868415e-8	1.3381240242959222e-10	2.1589964182107284e-11	6.380038262217513e-6	1.0293873741204743e-6
1.4436293571269049e-5	2.3246217861703584e-6	0.6884736650527753	0.11086231192827886	3.623544129001779e-6	5.83485614492583e-7	0.172808532512755	0.027826704793172594	1.1286047504047349e-10	1.817349569551301e-11	5.38236940854074e-6	8.66702601089511e-7	2.8328248501620693e-11	4.561590778534334e-12	1.3509875629885894e-6	2.175444206827944e-7
9.181133112078434e-7	1.4794979340346994e-7	0.043795813576572355	0.007057496598177419	1.713551751029631e-5	2.7613108802165713e-6	0.8173979412538304	0.13171996861458077	7.1770078499673864e-12	1.1565422434196459e-12	3.4235741274816566e-7	5.5169343334758614e-8	1.3395050717961948e-10	2.1585516320902518e-11	6.389703067487577e-6	1.0296716507689284e-6
1.4390880110601642e-5	2.318383682233895e-6	0.6866387853618788	0.11061812365451838	3.659093319226395e-6	5.894832128311626e-7	0.17458802887173355	0.028126287908647258	1.1248522057675843e-10	1.8121469838771028e-11	5.367059876420543e-6	8.646381557927834e-7	2.860102481299299e-11	4.607650728238706e-12	1.3646540577619624e-6	2.1984699164291316e-7
7.129910489271145e-9	1.2919246507953028e-7	0.0003403913534981156	0.006167819093430839	1.0883640796372435e-6	1.9720926169260175e-5	0.051959940131636045	0.9415030891470698	5.571827413501745e-14	1.0096033037598192e-12	2.660064074568268e-9	4.819979655847049e-8	8.505263598916903e-12	1.5411357157270602e-10	4.060525293620541e-7	7.35758566660838e-6
2.0932868153709676e-5	7.024309920015443e-12	0.9999458866577997	3.355455047799681e-7	5.240079333396834e-10	1.7583802168421115e-16	2.5031427784835707e-5	8.399637603890034e-12	1.6354896710577507e-10	5.488109052298149e-17	7.812599578981696e-6	2.6216245342387214e-12	4.094085704053387e-15	1.3738263965169633e-21	1.9557110517925755e-10	6.562655648005845e-17
3.9784478473371e-6	7.154215477314136e-9	0.19015799952442292	0.00034195026692213597	1.6905198269601212e-5	3.039965226348169e-8	0.8080183045915188	0.00145301315550259	3.107693984215997e-11	5.588388550955971e-14	1.4853854916513234e-6	2.6710838703748687e-9	1.3205195840277836e-10	2.374614927394706e-13	6.31169169653991e-6	1.1349954594389048e-8
2.0563602955672702e-6	1.8850207512659248e-5	0.0983451989612546	0.9015090460020819	2.4070421118106765e-10	2.2064831438901125e-9	1.1511651722921307e-5	0.00010552480723260945	1.605940010420229e-11	1.4721302737929284e-10	7.680389967899503e-7	7.04044641326404e-6	1.879809312821238e-15	1.7231803058682596e-14	8.990166814499047e-11	8.241090357173078e-10
1.0037660347435485e-6	6.144588053502386e-13	0.0480329571602491	2.9403538725701633e-8	1.9893065366713165e-5	1.2177607885594324e-11	0.9519377259955748	5.827319291915542e-7	7.837330396451512e-12	4.7976485613692654e-18	3.750377499868806e-7	2.295806391546776e-13	1.553235719088367e-10	9.508185486891848e-17	7.432658824105524e-6	4.549927476677995e-12
2.0816185842333983e-5	6.828597392808483e-8	0.9966914062832266	0.0032695732013205054	2.150325304823312e-10	7.053984760428214e-13	1.0295885943101528e-5	3.3774900185957154e-8	1.6249589261024003e-10	5.330558811421333e-13	7.780400355168476e-6	2.5523033846219984e-8	1.6785929586535296e-15	5.506501329238181e-18	8.037203305204138e-11	2.6365457126047226e-13
4.4449448178639114e-7	7.1339566000484875e-6	0.02129504254937362	0.3417768174148533	7.797307585147767e-7	1.2514363212366004e-5	0.03735569362502692	0.5995437693953594	3.469071070996203e-12	5.567718718016351e-11	1.6619782492410478e-7	2.667407850072709e-6	6.085433066927128e-12	9.766873869273572e-11	2.9154367804695175e-7	4.6791580805382695e-6
2.0737929346329413e-5	7.356228376190501e-12	0.9940997471378198	3.526304216073236e-7	1.2247991822442346e-7	4.344649048172531e-14	0.005871234958079888	2.0826643046478295e-9	1.618146457819912e-10	5.73994379624691e-17	7.756796532993553e-6	2.751517078268133e-12	9.556906213686312e-13	3.3900580672078324e-19	4.58122789975027e-8	1.625068641672439e-14
2.43975073744708e-8	4.6377620191621315e-11	0.0011702059944389217	2.2244636848777193e-6	2.078434917088615e-5	3.9509308757747726e-8	0.9969038892773422	0.001895030883066079	1.9032836971769757e-13	3.6179830615377987e-16	9.12894074533578e-9	1.7353352542973913e-11	1.62141616871791e-10	3.0821764736523147e-13	7.776986767505961e-6	1.478340114843303e-8
1.953901946320823e-6	1.887979151276544e-5	0.09377169520190318	0.9060792730894935	2.3527728064871295e-10	2.2733924876334337e-9	1.1291431225843722e-5	0.00010910469065557462	1.5239351593743323e-11	1.4725190351612547e-10	7.313672190224101e-7	7.066915840078155e-6	1.835032309874591e-15	1.7731200634124393e-14	8.806690160231344e-11	8.509560802463596e-10
2.042291543715295e-5	4.0654311694153886e-7	0.9803363207561379	0.019514793797078	2.456317122110758e-9	4.8895997346350924e-11	0.00011790759735114795	2.3470949721028623e-6	1.5927528500370999e-10	3.1705694035908346e-12	7.645497400624275e-6	1.521929791749423e-7	1.9156452509809888e-14	3.813326229962783e-16	9.195438442663776e-10	1.8304645179717383e-11
1.6850156384511443e-5	3.975068980093925e-6	0.809002054258409	0.19084920622284784	2.024233938669752e-9	4.775308522035897e-10	9.718660036821406e-5	2.2926994360691985e-5	1.314018617253579e-10	3.099861227111133e-11	6.308806496710522e-6	1.4882912914410967e-6	1.578549789326311e-14	3.723908643870309e-15	7.578861543908412e-10	1.7879061024804e-10
1.3656180188254355e-5	7.164813701505777e-6	0.6557876648519604	0.3440637412247278	1.6386140440069315e-9	8.597107091541243e-10	7.868839329149889e-5	4.128443463929384e-5	1.064863042167089e-10	5.586880964933397e-11	5.113611845943089e-6	2.682893438203723e-6	1.2777361691080481e-14	6.703735221075105e-15	6.135856491970961e-10	3.2192214849331396e-10
1.650342938737104e-5	4.313334741217886e-6	0.7926774484965406	0.20717410284413226	1.977939021735571e-9	5.169539553391944e-10	9.500253675947406e-5	2.4829854007315835e-5	1.2867839965931796e-10	3.3631374344509587e-11	6.180561816843969e-6	1.6153510509299407e-6	1.5422129665693314e-14	4.030726348397978e-15	7.407414608711219e-10	1.9360011803854945e-10
1.3915736219182226e-5	6.896799860828311e-6	0.6685236441232866	0.3313280521510827	1.6658532771475495e-9	8.256161563449635e-10	8.00289891869513e-5	3.966329289326186e-5	1.0849371438705319e-10	5.377074000971172e-11	5.212129072015867e-6	2.5831914670060255e-6	1.2987786403456529e-14	6.436897196739973e-15	6.239441563691786e-10	3.0923394228181774e-10
1.6261744628947677e-5	4.546565114107094e-6	0.7813866433136547	0.21846519756527472	1.944420320062846e-9	5.436337733788877e-10	9.343056982829328e-5	2.6121930891492114e-5	1.267746638549232e-10	3.544449117774311e-11	6.091599106191699e-6	1.7031291916880463e-6	1.5158473957944638e-14	4.238105471021152e-15	7.283738217528689e-10	2.0364352556093187e-10
1.41061304278678e-5	6.697954688772507e-6	0.6779458184337457	0.3219061667217543	1.6847053565719397e-9	7.99941571499904e-10	8.096755929071033e-5	3.8445486248892823e-5	1.099613769406765e-10	5.2212498957803315e-11	5.284784233872769e-6	2.5093519104636246e-6	1.3132766756643825e-14	6.235776503274126e-15	6.311656022648972e-10	2.9969371307742213e-10
1.607811946151441e-5	4.721742738171236e-6	0.7728773306895401	0.22697479841568285	1.9179838744210716e-9	5.632640342457208e-10	9.219773871667196e-5	2.707617668243458e-5	1.253240645023391e-10	3.6804552478818625e-11	6.02434436910249e-6	1.7691997092782588e-6	1.4950102551965492e-14	4.390472301728329e-15	7.186534085379688e-10	2.110505846873797e-10
1.4253516372565565e-5	6.542124618765583e-6	0.6853075962137387	0.3145446765154958	1.6983451208924077e-9	7.795118857783107e-10	8.165625814134544e-5	3.747885102170182e-5	1.1109338187009625e-10	5.098999639928612e-11	5.341358335349997e-6	2.4515937646516515e-6	1.3237077653740736e-14	6.075596318514736e-15	6.364373275102819e-10	2.9211404398569083e-10
1.5931698241417105e-5	4.859723249299974e-6	0.7661499712866023	0.2337024447420632	1.896098166119896e-9	5.783760275406951e-10	9.118271847208453e-5	2.78139072293744e-5	1.2416385603617792e-10	3.787430371566446e-11	5.970997774088521e-6	1.8213624350994057e-6	1.4777260789219618e-14	4.507579589453218e-15	7.106334652964279e-10	2.1676797543489465e-10
3.20882963738342e-8	2.0751727040582504e-5	0.0015436804266153123	0.9983089933416484	3.810968603993037e-12	2.4645802104589484e-9	1.8333530617806972e-7	0.00011856423246611633	2.500461549205375e-13	1.6170660773033101e-10	1.202903858168065e-8	7.779263887977e-6	2.9696747837582e-17	1.9205095775075987e-14	1.428629548821637e-12	9.239047811660051e-10
7.054025358420964e-6	1.372218937039368e-5	0.3394741543743565	0.6603787760867846	8.360217889284663e-10	1.6263124560158564e-9	4.023345188236722e-5	7.826609881624383e-5	5.49605342689859e-11	1.0691467932372967e-10	2.644969353938261e-6	5.145256574715971e-6	6.513756592208697e-15	1.2671205011225829e-14	3.1347378249791566e-10	6.098002753782136e-10
6.39302074623282e-6	1.4375598914227852e-5	0.3077759748367812	0.6920772112770361	7.561021266007896e-10	1.7002011008039765e-9	3.640064350297136e-5	8.185192446416823e-5	4.9803568315225216e-11	1.1199027048659438e-10	2.39766808164999e-6	5.3914911337581825e-6	5.89026461984173e-15	1.3245081634281925e-14	2.835720401011765e-10	6.376512878025625e-10
8.34668529719632e-6	1.2414344828865564e-5	0.401977260398027	0.5978761803347306	9.851084394621196e-10	1.4651895244470629e-9	4.744292825116719e-5	7.056368486768698e-5	6.501428800280784e-11	9.669824143736989e-11	3.1310950931474132e-6	4.656997693606306e-6	7.67324051605251e-15	1.1412704604197344e-14	3.6954408740605333e-10	5.496370795324219e-10
3.3642228647001014e-6	1.738922325475122e-5	0.16208058365055053	0.8377731106738229	3.9623450695232977e-10	2.048083786281673e-9	1.9089674713047527e-5	9.86720050353602e-5	2.6201126452651356e-11	1.3543015898018968e-10	1.2623105063303178e-6	6.524716136293397e-6	3.0859401529236698e-15	1.5950816705115882e-14	1.486735573747806e-10	7.684739641939855e-10
1.642916489847145e-5	4.3167027362112046e-6	0.7918090319087843	0.20804491498623906	1.931000710891016e-9	5.073633446277333e-10	9.306521743220443e-5	2.4452544071370617e-5	1.279355189759109e-10	3.361458773070667e-11	6.165894618081811e-6	1.6200661648687966e-6	1.5036891991611745e-14	3.950888143458947e-15	7.247079790344545e-10	1.9041435979154242e-10
2.366675469463169e-8	2.07146279113357e-5	0.0011410438720353719	0.9987131545789777	2.7759198895577007e-12	2.4296591723624376e-9	1.3383526470401073e-7	0.00011714101682000139	1.8427007206519562e-13	1.6128472311801086e-10	8.884202301602497e-9	7.77601100536491e-6	2.161339671180328e-17	1.8917400233444103e-14	1.0420454426506822e-12	9.120635207373078e-10
5.735921333575506e-6	1.4994805874191864e-5	0.2766466611133937	0.7232077878852023	6.713894887696633e-10	1.7551417574617462e-9	3.2381486699883995e-5	8.465145854429187e-5	4.465393550116934e-11	1.1673400931064316e-10	2.1536840279974397e-6	5.6301458887056565e-6	5.2267423460278445e-15	1.366371368699562e-14	2.520886766812134e-10	6.59008474853059e-10
1.0364767339511091e-5	1.0358397913877483e-5	0.5000810058217695	0.49977369272220606	1.210698183872436e-9	1.2099541775870732e-9	5.841396586197543e-5	5.837806892388366e-5	8.067827022030809e-11	8.062869127409696e-11	3.892578501587023e-6	3.8901864084047355e-6	9.423948655494302e-15	9.418157388004167e-15	4.546882306259851e-10	4.544088125959817e-10
1.0082546639334188e-6	1.9707354133675045e-5	0.04866419440108877	0.9511907526922133	1.1753126135213793e-10	2.297267022012062e-9	5.672737608108237e-6	0.00011087937695648314	7.847073748197835e-12	1.533789694217687e-10	3.7874510877263647e-7	7.402955078690833e-6	9.147257221215779e-16	1.7879236651090747e-14	4.414994738664584e-11	8.629552426143871e-10
2.0992595594776397e-6	1.861532288793368e-5	0.1013274166540917	0.8985275641119217	2.446403910020193e-10	2.1693648359834666e-9	1.1808343907529849e-5	0.000104711270037103	1.633787411920761e-11	1.4487717855487237e-10	7.885992804677214e-7	6.992956239652268e-6	1.9039588957066786e-15	1.6883481344132884e-14	9.190061107333468e-11	8.149347425881124e-10
3.7231655089378434e-6	1.6990390689850577e-5	0.17971929435500256	0.820135720065494	4.337637595231222e-10	1.9794488651402245e-9	2.0938020775903687e-5	9.554911066961926e-5	2.8975681573450964e-11	1.3222838180462286e-10	1.3986724558268322e-6	6.382738402196394e-6	3.375783468092613e-15	1.540513841502434e-14	1.629509677516234e-10	7.436147006473395e-10
5.40360386414662e-6	1.5308926187371426e-5	0.26084793059214273	0.739007117464624	6.293661167223205e-10	1.783054359269956e-9	3.0381362745908292e-5	8.607330430620278e-5	4.2052975773169116e-11	1.1914009950698624e-10	2.0300214415153202e-6	5.751244759657705e-6	4.897975263247209e-15	1.387643203643036e-14	2.364397434805886e-10	6.698563906066421e-10
6.604863712740671e-6	1.4106640292971072e-5	0.3188521000277094	0.6810029816471297	7.690643527014287e-10	1.6425644279045907e-9	3.712684993670339e-5	7.929537081255959e-5	5.140069626998958e-11	1.0978139211113708e-10	2.4813865450331832e-6	5.2997350045360064e-6	5.985050551312459e-15	1.2782845935147894e-14	2.8893040342025615e-10	6.170963471797848e-10
7.267069845127003e-6	1.3443408216020818e-5	0.3508377226375945	0.6490173926371343	8.459353146218669e-10	1.5649022234780838e-9	4.0839846816618367e-5	7.554994570524372e-5	5.6553096298778935e-11	1.0461800638041523e-10	2.7302557889783748e-6	5.0507211142331915e-6	6.58315694356894e-15	1.2178232496536941e-14	3.1781995206724737e-10	5.879375657440786e-10
7.586528850788382e-6	1.3122923367038166e-5	0.3662786370988266	0.6335765117576247	8.82876523911058e-10	1.5271702241846585e-9	4.262539776291604e-5	7.373198459189123e-5	5.903806017009487e-11	1.0212205800419919e-10	2.8503655151609543e-6	4.930466746939e-6	6.87050934183276e-15	1.1884376815626539e-14	3.3170911854368695e-10	5.737793170514645e-10
7.731871442292872e-6	1.2976555033677524e-5	0.37331429987461817	0.626540882545403	8.99540139233709e-10	1.5097162710075452e-9	4.3432072014322464e-5	7.28929182186927e-5	6.016798984136266e-11	1.0098114502672794e-10	2.9050626578745203e-6	4.875624968359661e-6	7.000054561598016e-15	1.1748332073972547e-14	3.379803307971375e-10	5.672391730285891e-10
7.796294409115013e-6	1.291110642624271e-5	0.3764434605837041	0.6234117553817494	9.067827607112621e-10	1.50168376342194e-9	4.3783934075231914e-5	7.25086820661873e-5	6.06681876415604e-11	1.0046996511723126e-10	2.92935865485395e-6	4.851184340760135e-6	7.056283894646782e-15	1.168560697644414e-14	3.407121112635631e-10	5.642386111138468e-10
7.824435711087557e-6	1.2881939584901396e-5	0.37782098548001297	0.6220342640127507	9.098026250241322e-10	1.4978744643703574e-9	4.393192519836572e-5	7.232833486660386e-5	6.088604013978323e-11	1.0024113170655102e-10	2.940023349542106e-6	4.840375020697392e-6	7.079651644143925e-15	1.1655747216732377e-14	3.4185736324158064e-10	5.628247278831068e-10
7.836550723067177e-6	1.286879913479724e-5	0.3784247402125159	0.6214305427894509	9.10957837184148e-10	1.495930268464318e-9	4.398988726841826e-5	7.223803472021465e-5	6.097917787463696e-11	1.0013701425601661e-10	2.94466664749035e-6	4.835587102619876e-6	7.088508956681036e-15	1.164040164510489e-14	3.423020223081264e-10	5.62111587634064e-10
1.9515875390102307e-5	1.181001987028683e-6	0.942801957617131	0.05705360190427646	2.263408894744714e-9	1.3697004867676058e-10	0.00010934412595888991	6.616952990633252e-6	1.5183707057587613e-10	9.188410894735905e-12	7.335171214015231e-6	4.4388743040145823e-7	1.760973408693293e-14	1.0656519644648917e-15	8.507172462628858e-10	5.148110131639718e-11
1.3072343065529555e-7	2.0557688376249774e-5	0.006317767942124541	0.9935380668683189	1.5126287996613455e-11	2.3787741292053524e-9	7.31042452828074e-7	0.00011496441655266506	1.016895652730334e-12	1.5991795682839557e-10	4.9145824303267394e-8	7.728718072620182e-6	1.1766717281359973e-16	1.8504449115896283e-14	5.6867685350336556e-12	8.943065128037818e-10
2.0604022227555643e-5	7.593091162645624e-8	0.9961849213592363	0.0036711875182397404	2.3786862693343437e-9	8.766046498549035e-12	0.00011500722373450105	4.238300291731181e-7	1.6025373047867994e-10	5.9057458356422e-13	7.748115786874068e-6	2.8553720656439022e-8	1.8500919096730407e-14	6.818045706936286e-17	8.945018808415671e-10	3.2964603956330293e-12
7.245485482647437e-7	1.994695281735813e-5	0.03504556718173742	0.9648108145490928	8.3456687985314e-11	2.297577742061486e-9	4.036702540581067e-6	0.00011113115236725169	5.634518688125031e-12	1.5511932042335104e-10	2.725350891867205e-7	7.50294038695063e-6	6.490086402470469e-16	1.7867325462275708e-14	3.1391790043301665e-11	8.642216678865717e-10
2.063955244346924e-5	2.3504034527917702e-8	0.9987193257365928	0.0011373276421620868	2.3719454141317125e-9	2.7011383635757236e-12	0.00011477514985724364	1.3070434025061364e-7	1.604807013422705e-10	1.8275318497066983e-13	7.765438629411849e-6	8.843173231107296e-9	1.8442815785275668e-14	2.1002421452520727e-17	8.924222846500167e-10	1.016278053962079e-12
2.0770073047982735e-6	1.8577611163274416e-5	0.100544589470726	0.8993123343586983	2.3815266671161673e-10	2.130135811002845e-9	1.152858829651718e-5	0.00010311645517056767	1.614707182943309e-11	1.4442607937857234e-10	7.816538268758534e-7	6.991434660069916e-6	1.8514466496481514e-15	1.656010350433078e-14	8.962556024034017e-11	8.016480272308849e-10
2.061831907455087e-5	2.7868252842762074e-8	0.9985075844381712	0.0013496086527676717	2.3587718251282393e-9	3.188176949991693e-12	0.00011423101703070902	1.5439759437164543e-7	1.60266308966047e-10	2.166200845128447e-13	7.761405013371328e-6	1.0490515572372173e-8	1.833474652999288e-14	2.4781717183554073e-17	8.879183314000656e-10	1.2001333607123573e-12
1.7834769654207862e-6	1.8854286082414217e-5	0.08640581571607074	0.9134516454552546	2.035718205637914e-10	2.1520891032770033e-9	9.862638853017027e-6	0.00010426432080015325	1.38608453868344e-11	1.465319425674943e-10	6.715296442761706e-7	7.099173284258e-6	1.5821216559897558e-15	1.6725629148888853e-14	7.665056229958179e-11	8.103225654127015e-10
2.0604460003913048e-5	2.4885617246242462e-8	0.9986515784905389	0.0012061495879994758	2.3465569228105465e-9	2.8341202543766706e-12	0.00011373230720618851	1.3736339924112357e-7	1.6010935123675558e-10	1.9337658117055194e-13	7.760138160054476e-6	9.37252555963132e-9	1.8234193299895338e-14	2.2022860835422004e-17	8.837701118099637e-10	1.067398259017463e-12
1.9688872310629285e-6	1.8652047808063925e-5	0.09546645839162961	0.904391535428831	2.237240176020884e-10	2.119426144012058e-9	1.0847822709524873e-5	0.0001027657168979794	1.529711597730142e-11	1.449156325627086e-10	7.417192122123642e-7	7.026599587867588e-6	1.7382063280076197e-15	1.6466716335386182e-14	8.428131356168179e-11	7.984302326092306e-10
1.803992126380474e-5	2.5777259895617718e-6	0.8748506136623148	0.12500748372699882	2.0480693411356304e-9	2.926488143638664e-10	9.932164856564271e-5	1.4192079393797767e-5	1.4015133851452489e-10	2.002623750279975e-11	6.796675146860778e-6	9.7117752968377e-7	1.59113587766392e-14	2.273575502243308e-15	7.716254293123344e-10	1.1025762775007029e-10
1.0869389398558137e-5	9.744971114473528e-6	0.5271979269387949	0.47266027384301784	1.232916751074464e-9	1.105373787359663e-9	5.980015357079727e-5	5.3613937988623754e-5	8.443872299282321e-11	7.570369285115958e-11	4.095530860370213e-6	3.6718557473004837e-6	9.57789919928695e-15	8.587083194091108e-15	4.6455678577148643e-10	4.164992431843821e-10
1.4915676969293127e-5	5.695397848285612e-6	0.7235703916219961	0.2762879123764234	1.6904039396526024e-9	6.454633591523255e-10	8.200273062576015e-5	3.131189932049282e-5	1.1586529626728581e-10	4.4241971746251246e-11	5.620710207663602e-6	2.1462103857885675e-6	1.3131093793627432e-14	5.013973116461671e-15	6.369989574218049e-10	2.4323150058352733e-10
1.1822054681367635e-5	8.78573548487454e-6	0.5735879813552405	0.42627042568435414	1.338627511932851e-9	9.948209130815146e-10	6.494815605668685e-5	4.826718660367354e-5	9.182845362472014e-11	6.824367889309457e-11	4.455375885597164e-6	3.311078748285487e-6	1.039786210717136e-14	7.727325625196603e-15	5.044883395660786e-10	3.749180008122234e-10
1.4178797880105581e-5	6.425708678816953e-6	0.6880432530677971	0.3118152568379986	1.6040791127119766e-9	7.269547928689137e-10	7.783987191446164e-5	3.527635732931624e-5	1.1012796654340391e-10	4.990904281041518e-11	5.344092284479406e-6	2.421896444476457e-6	1.2459023138032217e-14	5.64632162645926e-15	6.045891113213914e-10	2.7399456093432687e-10
1.2335794864089548e-5	8.26542913065358e-6	0.5987047537196342	0.4011538588778461	1.3943552404275014e-9	9.342684885478218e-10	6.767355650895375e-5	4.534373273118795e-5	9.580744320914897e-11	6.419445530337016e-11	4.649912901682716e-6	3.1156099769827713e-6	1.0829428665316599e-14	7.256109245072867e-15	5.255948638435175e-10	3.5216758598836754e-10
1.3766406203586512e-5	6.83153627001786e-6	0.6682444732579151	0.3316142418571882	1.5547019003197603e-9	7.715159834767249e-10	7.546784085025707e-5	3.745068134442745e-5	1.0691203505325307e-10	5.305476493766672e-11	5.189689704963088e-6	2.575367378042138e-6	1.2074054884494208e-14	5.991712190514845e-15	5.860948984836706e-10	2.9084777083074274e-10
1.2638800903544729e-5	7.955861091195744e-6	0.6136064058126692	0.38625241164644947	1.4261099453997793e-9	8.977064132081775e-10	6.923680534005677e-5	4.358312231417151e-5	9.814898099105173e-11	6.178273278980246e-11	4.765075731448875e-6	2.999515610519877e-6	1.1074724492490057e-14	6.9713076705562516e-15	5.376714091046768e-10	3.3845291781948804e-10
1.3518621577012895e-5	7.072760981038918e-6	0.6564257803851644	0.34343313924481356	1.5240543861030868e-9	7.973647559851991e-10	7.400374247092487e-5	3.87177626962514e-5	1.0497508653780593e-10	5.492155334152301e-11	5.097291370205328e-6	2.6668342853444055e-6	1.183461939207901e-14	6.191713688034031e-15	5.746554281256388e-10	3.006519907695583e-10
1.2822265395494269e-5	7.765838766834255e-6	0.6227119132636624	0.3771471083644703	1.4442888696207111e-9	8.747373532097593e-10	7.014173061984544e-5	4.248152366366176e-5	9.956174531756221e-11	6.029983295716982e-11	4.835205246676204e-6	2.9284547770656202e-6	1.1214548768636197e-14	6.792120962543157e-15	5.44633331529704e-10	3.2985860994498856e-10
2.6322623009214645e-6	1.7947720190831325e-5	0.12788601126371874	0.8719732625731229	2.958561383652932e-10	2.0172545822129236e-9	1.437389481670548e-5	9.800643428748009e-5	2.0435828242461845e-11	1.3933889758448325e-10	9.928556739516465e-7	6.769650509269302e-6	2.296908338502066e-15	1.5661155101826784e-14	1.1159315146768469e-10	7.60882628244889e-10
2.0453094812767655e-5	1.1877239645319714e-7	0.9940868009762204	0.005772724016354432	2.2939005886179996e-9	1.3320823700747924e-11	0.0001114910148694595	6.474352727675487e-7	1.5876598485213864e-10	9.219639701845585e-13	7.71654223628687e-6	4.481044175104397e-8	1.7806272812928674e-14	1.0340213611930962e-16	8.654426598983183e-10	5.025679470511551e-12
2.508138453442659e-7	2.031294446234187e-5	0.012195177128913885	0.9876645979731723	2.806940604188471e-11	2.273288722307617e-9	1.364802561494699e-6	0.00011053280808980509	1.9466384464415116e-12	1.5765460872604824e-10	9.46502798827678e-8	7.665549228212604e-6	2.1785473961738665e-16	1.764364810336451e-14	1.0592625516190095e-11	8.578769386730552e-10
2.0402600920272864e-5	1.5305485916167319e-7	0.9924151906516473	0.007444833520424588	2.278428538403425e-9	1.7092161946311755e-11	0.00011082641380683043	8.313901361342163e-7	1.5832689473519597e-10	1.1877260487471412e-12	7.701273775726596e-6	5.77728975690595e-8	1.7680908271014742e-14	1.3263744832560456e-16	8.60027700450589e-10	6.451697951745365e-12
2.008143186511867e-7	2.0346745298321127e-5	0.009771781323570167	0.9900884908856006	2.2377662047333138e-11	2.2673312994172945e-9	1.0889144834294548e-6	0.00011033010890262583	1.558113944446898e-12	1.578699556204983e-10	7.58190394221196e-8	7.682075134118543e-6	1.736277946426395e-16	1.759217439289959e-14	8.448863867564643e-12	8.560489228466208e-10
