0.010865225445984046	0.0023420268070129253	0.0021402577167973203	0.0004613379604109654	0.11033965882173621	0.023783992345292944	0.021734966056253448	0.004685026869099751	0.05074561612121308	0.010938345815750768	0.009995991066821747	0.002154661139572698	0.5153371181619634	0.11108221834736139	0.10151232014296614	0.021881237181763127
0.016187137786747893	0.007220825586863251	0.007951777518343344	0.003547161908543522	0.10342725589546409	0.04613725944560972	0.05080765599504588	0.022664489995132153	0.0465674335135075	0.02077299395722536	0.022875808915570603	0.01020453575634467	0.2975412902421575	0.13272845329628372	0.14616432958663297	0.06520159060052798
0.019823466961723882	0.009626079524582224	0.010830004378499873	0.005258943029506664	0.09967977870793197	0.048403514818472965	0.05445729760284694	0.026443925193863245	0.05238711730231757	0.025438666111705872	0.028620256530129565	0.013897713548539286	0.26342194682313946	0.12791509242736923	0.14391331460818654	0.06988288243118472
0.02152933696938106	0.010399942540131707	0.011636339469745868	0.005621039887802114	0.09895179497012811	0.04779956686059578	0.053482217267102644	0.025835072732975927	0.05668654527753027	0.027382952597347788	0.030638374286889397	0.014800146077877979	0.26053916169571284	0.12585581780540056	0.14081818380965605	0.068023507751722
0.022001767802779987	0.010632423203642232	0.011906691029910408	0.005753945733807004	0.09841784590331208	0.04756073229273162	0.05326076038544528	0.02573842927722766	0.05792543218789569	0.02799264653623732	0.031347491256959605	0.015148773335129722	0.259110827368642	0.1252161189011906	0.1402229398854511	0.0677631748996378
0.02213746416306561	0.010697672685823195	0.011978374640164489	0.005788410554377602	0.09828969913140635	0.04749735660555519	0.053183636156002904	0.02570037505867808	0.05828257357431593	0.028164377400807922	0.03153615500509201	0.015239480977984825	0.2587729370910145	0.12504901919016537	0.14001961400725502	0.06766285375829115
0.02217325584751538	0.010714993435890722	0.011997944779623711	0.005797881034789614	0.09825310291393585	0.04747978195077237	0.05316473644172477	0.02569130153512274	0.05837680178072579	0.0282099774697211	0.031587677019235316	0.015264413771424953	0.258676576529504	0.12500274378256918	0.13996984936837173	0.0676389623390727
0.022182789067062576	0.010719598376068704	0.012003079563328663	0.005800361343467414	0.09824365996987881	0.0474752103844268	0.05315952217036585	0.02568877726814633	0.05840190037479652	0.028222101130942024	0.03160119562643898	0.015270943806700583	0.25865171528568376	0.12499070783036346	0.1399561213145775	0.06763231648775193
0.022185300096292423	0.010720811947931293	0.012004441022136748	0.005801019331709112	0.09824113875217076	0.04747399266817499	0.05315817009367731	0.025688124235276864	0.058408511304037354	0.028225296170496735	0.03160478001635423	0.01527267612970876	0.2586450775253031	0.12498750187608623	0.13995256162152955	0.06763059720911463
0.02218596336504449	0.010721132454641683	0.012004799597626067	0.005801192603624407	0.09824047664516558	0.047473672663654515	0.05315781041803372	0.025687950399684086	0.058410257529671085	0.028226139986870916	0.03160572405858311	0.015273132312604689	0.2586433343581	0.12498665938177554	0.1399516146827711	0.06763013954214901
0.02218613825976354	0.010721216971496396	0.01200489426992527	0.0058012383534616265	0.098240301617216	0.04747358808691777	0.053157715874290974	0.02568790471440548	0.05841071798502277	0.02822636249923876	0.03160597330777178	0.015273252760823478	0.2586428735519806	0.12498643671175087	0.13995136577203818	0.06763001926389632
0.02788770389322695	0.029522185583948164	0.044959393616367756	0.04759443685883879	0.06431572215231246	0.06808522826461012	0.10368712601932914	0.10976416662801315	0.028358375243782707	0.030020442701613893	0.04571819034608788	0.04839770621228062	0.06540120297652437	0.06923432847246135	0.10543709295191032	0.11161669807869239
0.0327640339378674	0.01926127353032492	0.022666221579125963	0.013324986006375602	0.09310135880358132	0.05473229399534146	0.06440769875777512	0.03786390606189879	0.06413606710833904	0.03770421963533717	0.044369454354982504	0.026083851528882	0.18224724731477016	0.10713925175805282	0.12607899557349883	0.07411914005384687
0.028030390052660014	0.02611928499867787	0.037924011582843725	0.03533836186241209	0.07219824884554425	0.06727579011421146	0.0976813815410899	0.09102148913172907	0.03349522322770585	0.031211527200841107	0.045317715210920054	0.04222796460767099	0.08627409241140656	0.08039194615067284	0.11672544241313619	0.1087671306484779
0.03375629604675989	0.022033363590718308	0.02664416354124858	0.017391142146095745	0.09074217041623395	0.059229105913227574	0.07162365282342807	0.04675009314315585	0.05793041710684258	0.03781226297188924	0.045725025792799086	0.029845576573097353	0.15572596513879652	0.10164523991807954	0.12291597623830923	0.08022954863931858
0.028828693004937216	0.024914134447144735	0.035195917424172427	0.03041677326635174	0.07600946335794573	0.06568837473939115	0.09279722793342582	0.08019658097783892	0.037589648870177315	0.032485467364482046	0.045891854251312036	0.03966034209910753	0.09910851795974478	0.08565088056137203	0.12099803530967897	0.10456808843291754
0.033414915050031906	0.023191760630459364	0.028610567225675336	0.019857283060753874	0.08886522578698436	0.06167727919516283	0.07608831303615438	0.052809409811989574	0.05348660100376957	0.03712259766511443	0.04579637540301818	0.031785164633792495	0.14224482892329804	0.09872561454579015	0.1217930745692804	0.08453098945872502
0.02955292684182594	0.024388821761648093	0.03379751229551563	0.02789170452639716	0.07829032383638819	0.06460980206552723	0.08953489434878407	0.07388948618889384	0.040485095680328875	0.033410693561267725	0.04629983102399549	0.038209356808629476	0.10725134834612116	0.08851015104222976	0.12265549141171624	0.10122256026073116
0.032918865682525236	0.023714719166637577	0.02971422551858726	0.02140609947570275	0.08735871040706414	0.06293313092993016	0.07885437022899665	0.056806612447627705	0.05069379026578748	0.03651975773526577	0.04575876735476935	0.03296457197812581	0.1345290626346289	0.09691460729234001	0.12143270501727896	0.08748000386473234
0.030100596993328115	0.024140903027744874	0.03297701607696449	0.02644781256115419	0.07981757458021307	0.06401428942681155	0.08744495800994982	0.07013150775884383	0.042417915957616334	0.03401948459689427	0.04647138051101426	0.037270393365636305	0.11247933624820476	0.09020926560343259	0.12322788417138388	0.09882968111080774
0.03249649823003958	0.023952883998746052	0.030377563037925402	0.02239103544207128	0.08620081718695047	0.06353786675905555	0.08058009018327643	0.059394878152881046	0.04896231712235723	0.03608969477386707	0.04576972768999453	0.033736465087773816	0.1298783554288418	0.09573219734362645	0.12140963316640159	0.08948997639619173
0.05109961781422005	0.03827289122301603	0.057569982235597054	0.043119102687316294	0.06962896871455954	0.05215111305277771	0.07844556698161127	0.058754620493062334	0.06269738420653548	0.04695945426497124	0.07063628749849865	0.052905580579027466	0.08543222807014278	0.06398753086091705	0.0962498754927462	0.0720897958250011
0.036541973086880064	0.026967641554332702	0.0343843611667883	0.025375343712723236	0.08289727883449936	0.0611774327599457	0.07800262915230406	0.05756522611063195	0.054152727968893484	0.0399642174105463	0.050955293306748174	0.03760453990607426	0.12284814997299406	0.09066080986398832	0.11559461081371647	0.08530776437893357
0.04806655971172661	0.03596072279160697	0.053810872241701356	0.04025829748298604	0.07214230308006374	0.053972853022334094	0.08076384658160425	0.06042301167221645	0.059851548045466677	0.04477759466913717	0.06700425461398114	0.05012885133619804	0.08983019681047923	0.06720594994089087	0.10056557558947354	0.07523756241013385
0.038986607453156116	0.028801724171822415	0.03690843947171044	0.027266457963901425	0.08103863867261228	0.0598680590793393	0.076718901328148	0.05667681235084487	0.056976731720658334	0.04209209824686805	0.05393960622335613	0.03984839312444593	0.11843340768248882	0.0874937975790427	0.112120354768742	0.08282997016286324
0.04615886314208715	0.03450036267129381	0.051372828722547934	0.0383974192978363	0.07363920136471654	0.05503989875328368	0.0819572628409353	0.06125703925711909	0.05819672333426815	0.04349777972504917	0.06477044919546256	0.048411157370740796	0.09284371270555275	0.06939386159123988	0.10333105770187172	0.07723238232599515
0.040561304879098876	0.02999167838474283	0.038616280146730304	0.0285534959496006	0.07992418137637759	0.059097219632087514	0.07609159980744802	0.056263347444266	0.058586564484478895	0.0433198439972014	0.055777179597910884	0.041242539822001587	0.11544212445909754	0.08535975553914742	0.10990636105357109	0.08126652342623948
0.04491949692031118	0.03354653022700836	0.049722171786045474	0.037133237305221375	0.07455708845411364	0.05568031240200125	0.08252853691926755	0.061633505452309174	0.05723507207544204	0.042743979943275764	0.06335449595462898	0.047314054236387376	0.09499839989251467	0.07094617954349061	0.10515537979498671	0.07853155909299589
0.04160009191817508	0.03078310460569752	0.03981294885880733	0.02946066013009221	0.07924365105033708	0.05863846657882406	0.07583933787593046	0.056119353670024734	0.059494277607460656	0.04402438760551685	0.056938398992879564	0.042133096622149084	0.1133301287768961	0.08386167069001525	0.10846145797060891	0.08025896704658496
0.044103301938787205	0.03291395415189229	0.04857280042738994	0.03624950640918135	0.07512529298469448	0.05606542685574045	0.08273860919210593	0.061747186034279866	0.056700540838814255	0.04231517640439846	0.06244666347457006	0.04660346341852986	0.09658335216756996	0.07207941095865446	0.10637126208724638	0.07938405265614504
0.04229204376923212	0.031315390657192424	0.04067223172331575	0.030115991373348864	0.07882697471541868	0.05836789352170827	0.07580785168878283	0.0561323662547567	0.059978571930212	0.04441148366590768	0.057681354660705175	0.04271049573040877	0.11179240707325093	0.08277734032219125	0.1075106871212117	0.07960691579235682
0.058649091807834626	0.0748606660524897	0.049073449479329345	0.06263815858483684	0.07092475838560744	0.09052952890992955	0.05934486690559123	0.07574876483859638	0.049605645837007134	0.06331746277486602	0.041506527719951614	0.052979615111902384	0.059988455696457305	0.07657025216368596	0.050194135309181945	0.0640686204227326
0.04272688725159012	0.031177275274070715	0.04127952417087523	0.030121152535167128	0.07797312542088143	0.0568960144677048	0.07533180445692722	0.05496867559334504	0.06136457641201409	0.04477696396670951	0.059285866071158363	0.04326015502787197	0.11198540592949861	0.08171435018853603	0.10819192710276304	0.07894629613088659
0.058044478813630854	0.0751737405702607	0.048336378586797214	0.06260072375973331	0.07148030641948305	0.09257455869168885	0.059525026724523325	0.07709120674155027	0.04849308370188134	0.06280367346155061	0.04038248082442829	0.052299584717198144	0.05971800510718188	0.07734113416221368	0.049730002961645516	0.06440561475623298
0.0430794797974254	0.030977365437443533	0.04182386550368222	0.030074484924292953	0.07717377886245587	0.05549371443788014	0.074924436477229	0.05387626916257141	0.06265691229023271	0.04505500248200268	0.060830685162064586	0.04374180869723425	0.11224533620249748	0.08071278517159063	0.10897378210749453	0.07836029328390248
0.05750967425930294	0.0755667290823449	0.04764864093438191	0.06260949982772533	0.07197340102966546	0.09457181885991812	0.059632310331405626	0.07835583660324257	0.0474602885952329	0.06236200807320201	0.039322397127828965	0.051668957769246196	0.059396587235856106	0.07804610048441972	0.049212009881471085	0.06466373990475599
0.04336168608500517	0.030730485811250645	0.042316789095856316	0.02998996589612766	0.07641645092888937	0.054156442542681295	0.07457502531318554	0.052851421708276294	0.06386351635168869	0.04526016076161787	0.06232458182267796	0.04416951577111871	0.11254689805807075	0.07976213948631104	0.10983482835929607	0.07784009200794653
0.05703595155767146	0.0760223939206261	0.04700203213648495	0.06264832802056025	0.07241780719191893	0.09652464655815013	0.059677869973759165	0.0795437687210604	0.04650147442603904	0.061981141896646	0.03832080881751581	0.05107725116738848	0.05904231834757394	0.07869665116164017	0.04865543343445785	0.06485212266850739
0.04358260645862502	0.03044889961528879	0.04276725903366947	0.029879258790396306	0.07569179044167014	0.05288191588651031	0.07427574143860097	0.05189259612231227	0.06498846398856226	0.04540405856676183	0.06377265380485526	0.044554635247619934	0.11286826550904432	0.0788551847971572	0.11075671557846907	0.0773799547204569
0.05661715067742308	0.0765261240247881	0.04639056369901683	0.06270343860003617	0.07282502448532849	0.0984333684968502	0.059670857626119914	0.08065364287544122	0.04561305633696034	0.061652526922090375	0.037374106082494786	0.050516414958428645	0.05867077210429823	0.07930188518783933	0.048073245615666296	0.06497782230721792
0.043749461343355014	0.03014289796128909	0.04318248484619564	0.02975225738708418	0.07499273388979982	0.051669169312451045	0.07402085637936501	0.050999556390865744	0.06603329264190724	0.04549621277692081	0.06517752610653949	0.04490659904083778	0.1131903568845648	0.07798691167866355	0.11172345260533355	0.0769762307548272
0.059027195036519146	0.04176826887798059	0.07420265993590976	0.0525065886960568	0.05839985550368941	0.04132435677494384	0.07341403594674481	0.05194855000215159	0.07139326940298006	0.05051863417627886	0.08974796257800495	0.06350660962103724	0.0706345035451963	0.04998172341262599	0.08879412350634869	0.06283166298353204
0.04445092513447468	0.030667151203501455	0.043819443865890054	0.03023148577050366	0.07482806632100875	0.05162465386692856	0.0737650395762745	0.05089126076396148	0.06659920050661457	0.0459474745641376	0.06565307514487219	0.04529473292966668	0.11211216363571438	0.07734733672171935	0.11051946942063853	0.0762485205740934
0.05832897709132271	0.041222089742814265	0.07341890523268857	0.05188640108642151	0.05863427743650082	0.04143785073940675	0.07380318793792176	0.05215798027315974	0.071035213378598	0.050201805120085714	0.08941229315682536	0.06318920297283563	0.0714070195758905	0.05046456694441413	0.08988028703097142	0.06351994228014309
0.04509162625436053	0.031146705169185575	0.0443948757612056	0.030665429952710488	0.07469282992961061	0.05159351625391262	0.07353868512687001	0.0507962993229745	0.06709893373312247	0.046348088985816605	0.06606212891918649	0.045631923778656144	0.11114722759198929	0.07677412006947264	0.10942979373407798	0.07558781541684842
0.05769395465720677	0.04072683757376247	0.07271270678210906	0.05132875040823117	0.05883087229797392	0.041529401037567	0.07414558410070665	0.05234023527114935	0.07071219596948262	0.04991656642094031	0.08911982549987599	0.062910727463577	0.07210565120223199	0.050900222772245804	0.0908760216621067	0.06415044688083316
0.04568081100791443	0.03158802149010354	0.04491811925509722	0.031060624472696377	0.07458059139729192	0.05157205557042596	0.07333538579073891	0.05071100296230612	0.0675455977788908	0.04670739741971373	0.06641784918536993	0.045927565669322976	0.11027804711611838	0.07625664355186403	0.10843683293457335	0.07498345439757227
0.057112611070419705	0.04027498127334428	0.07207232709530452	0.05082435507125908	0.058997071099232856	0.04160387503162886	0.07445039066216169	0.052501330853436175	0.07041731264548635	0.04965726299256993	0.08886197802968916	0.06266417230767596	0.07274076815784668	0.05129572997028139	0.09179402477977988	0.06473180895988347
0.04622568811147662	0.03199618915193146	0.04539646663123566	0.03142222414644251	0.07448657630025705	0.05155762265421189	0.07315039567036946	0.050632754038477515	0.06794904938748511	0.04703252078482596	0.06673014246330528	0.046188825902218594	0.10949089691266835	0.07578668033202496	0.10752678978262668	0.07442717773044297
0.05657745746451908	0.039860544806165896	0.07148853093491035	0.050365850961842845	0.059138537133375774	0.041664903564362886	0.07472458697805527	0.05264575116739618	0.0701453765415425	0.049419557715773714	0.08863229536208395	0.06244415600982516	0.07332063230197505	0.051656622267306995	0.0926443945236323	0.06527080226723202
0.04673199064541727	0.03237529799307947	0.04583572749123685	0.03175437886902643	0.07440717512108311	0.05154829559148144	0.07298013534497598	0.05055966152386816	0.06831683950471856	0.04732899254587058	0.06700660501197626	0.0464212796160876	0.10877480224020819	0.07535772792957993	0.10668863287304214	0.07391245769834795
0.04840811640192478	0.04514358747422924	0.06301580198774041	0.05876616527841509	0.03977560746261854	0.03709323452952879	0.05177833781003712	0.048286529118176165	0.07499780227066766	0.06994012778911209	0.09762922023580708	0.09104533643000218	0.061623615323287945	0.057467864391321156	0.0802192241635453	0.07480942933358628
0.04671428309997325	0.032308324402664346	0.04552867236896039	0.03148833758983312	0.07468224591188824	0.05165140226763365	0.07278680695203558	0.05034048721689184	0.06848724244631778	0.047366841564584025	0.0667490329696132	0.046164668868644954	0.10949073265786548	0.0757254928267911	0.10671185264577555	0.0738035762105275
0.04835364711166417	0.04516654969824908	0.06335867899111104	0.0591825662469442	0.039581384831866365	0.0369724869151134	0.05186422132325358	0.04844573408388554	0.07470702345771871	0.06978291585780615	0.09788999590265027	0.09143784655350032	0.06115376236862854	0.057122980628099986	0.08013090698339402	0.07484929904611445
0.04671501908579668	0.03225444358789597	0.0452327871768942	0.0312310347051538	0.07496924242549187	0.05176260757165196	0.07259052556988654	0.05012021953174154	0.0686660678924135	0.04741057280038389	0.06648734595499821	0.04590627150287165	0.11019674594967235	0.07608548161514243	0.10670028728819049	0.07367134734181478
0.04828010546863201	0.04517127196633932	0.0636908296113901	0.05958967484043894	0.039381860498095105	0.036845999275119105	0.05195231746942536	0.04860702434085855	0.07440798640957556	0.06961673670655824	0.09815857563148746	0.09183798735815066	0.06069425309416355	0.05678605269600245	0.08006749974319159	0.07491182489057205
0.04673310132947696	0.032212860522992076	0.04494715043661611	0.030981814746529727	0.07526696997651389	0.05188109363314125	0.07239056955778761	0.04989840721043936	0.06885363637814622	0.04746041931848096	0.06622232773677636	0.045646673261701985	0.11089365855501074	0.0764383671165366	0.10665574960236851	0.07351720061748176
0.04818875033653192	0.04515881037457415	0.06401311742441951	0.05998819664479294	0.03917781556525868	0.036714451643712925	0.05204314473185076	0.04877085394058192	0.0741006080908452	0.06944142120403328	0.09843398913260844	0.09224480441200562	0.06024435032621724	0.056456396431152064	0.08002757167716897	0.07499571806424656
0.04676743793302933	0.03218278938521547	0.04467094129991073	0.0307400952250802	0.0755742957650965	0.05200609122584317	0.07218644165923928	0.04967475557917441	0.06905006597081201	0.04751647360618912	0.06595468086479604	0.045386399107010915	0.11158212506210621	0.07678470723948705	0.10658010742231352	0.07334259265469614
0.04808084505730198	0.045130233849984124	0.06432628936818434	0.06037873249582208	0.0389699695087196	0.03657847184173339	0.052137052339651324	0.048937520992676155	0.07378500594194809	0.06925698932317065	0.09871531246171675	0.09265738009933218	0.05980342958472457	0.05613343024593521	0.08000967354238717	0.07509966334671239
0.04681693617172202	0.03216344921331355	0.044403438371247474	0.030505365189034885	0.07589012779548053	0.0521368647915952	0.07197785434297824	0.049449115041449075	0.06925528686046425	0.04757869873243506	0.06568505146753133	0.04512593069313027	0.11226263399799018	0.07712494286048778	0.10647529201482811	0.07314901245631192
0.042427716208088974	0.03023324265430698	0.07534685227888165	0.05369083871998154	0.055287732780412394	0.039397063767434376	0.09818479538726156	0.06996475439186181	0.04890641195123174	0.034849847034453124	0.0868522872809507	0.06188940888470305	0.06373014804631309	0.045412980063059515	0.11317757540862691	0.08064834514243267
0.046814197956311907	0.032210795991434116	0.04518661680129899	0.031090928796602555	0.07507091209387085	0.05165300143779411	0.07246093462661529	0.0498571904357886	0.06896378074613976	0.047450952262066776	0.06656612886229016	0.04580123317980822	0.11058982420004082	0.07609200673181223	0.10674496683492796	0.07344652904319755
0.042612156543018066	0.030320490345919607	0.07433195415705549	0.05289057117156438	0.056076404538546835	0.03990091608549386	0.09781876979738838	0.06960251031409975	0.04931279160605156	0.03508829740433815	0.08602043319063239	0.061207456409190786	0.06489425261156118	0.04617521663866367	0.11320048083718268	0.08054729834929301
0.04681820648547757	0.032258809503111434	0.04589807950666695	0.031624821079455516	0.07435417210142457	0.05123171632654119	0.07289287563422932	0.05022484981239045	0.06869573052261488	0.047332921334641474	0.06734564046731623	0.046402678568519415	0.10909888595360809	0.07517161470230171	0.10695474511909678	0.07369425288260452
0.04276334484323076	0.030387405069173548	0.07342180237032353	0.05217314168746555	0.05677586520520597	0.040344627401532475	0.09748036244084002	0.06926902632707774	0.04967484168205753	0.035298677909164855	0.08528838008644392	0.06060546860591657	0.06595209345222419	0.046865206317226765	0.11323533248182836	0.08046442412028826
0.04682575416761708	0.032305614794312966	0.046548227848605586	0.03211414626344477	0.0737220272738299	0.05086165631073236	0.07328509244548449	0.05056021005523333	0.06844537865286807	0.04722123704180742	0.06803971740237583	0.04694136677963351	0.10775976087330016	0.07434467179404472	0.10712109161309613	0.07390404668361374
0.04288950885121097	0.030439649240813133	0.07260017298860796	0.05152597592716861	0.05740034934541664	0.04073831916415819	0.09716304531582708	0.06895879896511099	0.05000206430291215	0.035487589843413526	0.08463977824442782	0.060070754610841014	0.06691930114975207	0.04749413339064809	0.11327601947140456	0.0803945391882872
0.04683472840208778	0.03235005428379471	0.04714528273462513	0.032564562830303165	0.07316073955817118	0.050534165071487835	0.0736458578756378	0.05086924983528476	0.068208736428114	0.04711367827597288	0.06866101872668508	0.04742608228491171	0.10654917348013786	0.07359648840885057	0.10725568568980523	0.07408449611413029
0.042996606946368254	0.030481257769709228	0.07185429367753964	0.05093911829315805	0.05796100415155038	0.041089854144498277	0.0968622249505754	0.06866780093947465	0.050301440880793545	0.03565981817094907	0.08406185422864468	0.059593331411921274	0.06780818838466285	0.048070743620026286	0.11331846459444955	0.08033399783567893
0.04684373773228145	0.03239143793181143	0.04769587994788053	0.03298067596066822	0.07265952328980971	0.05024249884259294	0.07398128474946118	0.051156468486212074	0.06798299273764341	0.04700877846821885	0.06921968265307238	0.047863922967264855	0.1054487127470985	0.07291551868593171	0.10736694779968825	0.07424193700036454
0.04092973424361017	0.048205950657833764	0.05597105291006415	0.06592121509488626	0.05095835774281074	0.06001739626095126	0.06968510766419442	0.08207326345321743	0.04546328060893881	0.053545440796989835	0.0621706378370944	0.07322292107012424	0.05660271585549755	0.06666517088503895	0.07740371792167158	0.0911640369970765
0.04727698244063059	0.032275779672221616	0.04780145382899693	0.03263383389018174	0.07309190337695376	0.04989950812068799	0.0739027548751556	0.050453072729760025	0.06878706534733936	0.04696061488775134	0.06955016074391357	0.047481576624673595	0.10634725979530746	0.07260278784095915	0.1075270325327879	0.07340821329267938
0.04046738227381032	0.04825668342028438	0.055743281466529744	0.06647294031368657	0.05053907124235979	0.060267005777542675	0.0696168992167083	0.08301699980175699	0.044838405901605094	0.053469056733731604	0.06176430844406928	0.0736529153057472	0.05599797325466331	0.06677665605458985	0.0771364642162703	0.09198395657664474
0.04771205329481174	0.03216038590735094	0.04789446861111774	0.032283343243342394	0.07353256092376202	0.049564740411646366	0.07381369460872035	0.04975423902206979	0.06959858506168927	0.0469130376837694	0.06986467815623774	0.047092398160148034	0.10726350770598277	0.07230113909131708	0.10767360338066223	0.07257756473737204
0.040007652613888826	0.048299486787212666	0.055525655461888486	0.0670336919842627	0.050114339373487	0.06050084706992635	0.06955248208654935	0.08396766543586025	0.0442186616040366	0.0533832535116285	0.06137001320490411	0.07408932912230695	0.055389128566287825	0.06686886904266692	0.07687323469806036	0.09280568943703292
0.048147204952199076	0.03204695935245681	0.047973613544714404	0.03193141626360835	0.07397845688712724	0.049240337069887626	0.07371173269270453	0.04906280445038318	0.07041495013040361	0.04686845366983761	0.07016107391239187	0.04669947271139455	0.10819297522261162	0.0720136481987422	0.10780289295579065	0.07175400798574673
0.039552531453538	0.04833255139491172	0.05532020490588096	0.06760039240298407	0.04968711672145839	0.060716850081413656	0.0694949571418046	0.08492170954188079	0.04360630631243384	0.05328619846908546	0.06099002293256928	0.07452881799558153	0.0547795944257762	0.06693977517182187	0.0766175583945821	0.09362541265427755
0.04858059306622734	0.031937172017576766	0.048037672611408025	0.031580252868117505	0.07442646440796108	0.04892840219584618	0.07359469914210942	0.048381594742558494	0.07123337678163183	0.046829247320353984	0.07043729639480169	0.046305899319654384	0.10913099340861374	0.07174336682527857	0.10791138193751633	0.07094158696034472
0.03910400086419735	0.04835423856769574	0.055128900525703045	0.06816990458987213	0.04926034800047927	0.060913118005880014	0.06944733952444072	0.08587543854959195	0.043003570459583765	0.053176269929179516	0.06062652172982756	0.07496801428156995	0.054172739343450536	0.06698755892461979	0.07637283890314847	0.09443919780076027
0.04901032589419594	0.031832611078748255	0.04808558733976486	0.03123198575713179	0.07487344311031334	0.048630919121059005	0.0734607130726355	0.047713339304394524	0.07205097257938395	0.04679770122150322	0.07069149759094476	0.04591471099875515	0.11007281216842756	0.07149319977316479	0.10799593201409971	0.07014424897547751
0.020295178431004313	0.03363921380905284	0.027532411176099936	0.04563491123668579	0.07127758607069995	0.11814244283570904	0.09669507533574574	0.16027187563586542	0.015093798936032698	0.02501793868559412	0.020476226899359535	0.03393930124890991	0.0530101056492003	0.08786413403736139	0.07191343649350002	0.11919636351917891
0.04153978149076976	0.027223623551867204	0.04058889105465601	0.026600445423749616	0.0818070785780158	0.05361330828330874	0.07993442624729696	0.05238604178682165	0.06135950118180869	0.0402127286556643	0.05995491596868096	0.03929221589135895	0.12083938226308318	0.07919362439836933	0.11807323836977962	0.07738079685476934
0.02415297174669554	0.03969808045890905	0.032904453225437176	0.054082108210080866	0.06785473340476753	0.11152675929365995	0.09244091885906955	0.15193687439579323	0.017881664645781087	0.02939049361263657	0.02436082831134668	0.04003971571249071	0.050236285625553954	0.08256889171382491	0.06843868025523171	0.11248654052872169
0.038470904877103064	0.025405151455119925	0.03743508181311742	0.024721121747336143	0.08442796207138704	0.055753956667322954	0.0821547524695277	0.05425279015177155	0.05708008714937703	0.03769415519946472	0.05554321477914004	0.036679245998399924	0.1252675352522657	0.08272331299874086	0.12189472656483193	0.08049600080509402
0.02578126062813248	0.042071752003312445	0.03527226764034192	0.057559873357768444	0.06657654794042492	0.10864449394416965	0.091085763857577	0.14864043009078598	0.019006456498426895	0.031016129730716185	0.02600341504540274	0.04243427987518987	0.04908155115054122	0.08009487502291479	0.06715023106728611	0.10958067214700938
0.03703282653037446	0.024615290593855716	0.03588615057434897	0.02385310837556342	0.08549380353010627	0.05682674035538421	0.08284659298524738	0.05506717018670223	0.05517540844742043	0.03667445452628274	0.053466969741596836	0.035538875118884664	0.1273776800598275	0.08466646766139053	0.12343358675819659	0.08204487455481804
0.026550988850032212	0.0430623175654682	0.03648084536369395	0.05916727836320198	0.06608539544808839	0.1071820827954465	0.09080080240165338	0.14726732063746029	0.019496748829803075	0.03162123996003757	0.026788376251152848	0.043447329653373404	0.04852739623549004	0.07870524744374795	0.06667625254821603	0.10814037765313415
0.03633077349525945	0.02428439313098208	0.03505912636699164	0.023434392544268195	0.0858889292563192	0.05741029774474028	0.08288265111437301	0.055400826620498306	0.0543394389853913	0.03632183330780012	0.052437453839204604	0.03505049910333258	0.12846289197375144	0.0858677939196787	0.12396644304213934	0.08286225555526976
0.026931095221551876	0.043447745150209084	0.037162106236615616	0.059953362747808436	0.06592293932816559	0.10635301104244457	0.090966789675258	0.14675607740528904	0.019703390924525447	0.03178734100641579	0.027188627151443018	0.04386321958843383	0.048230695179346354	0.07781023888299576	0.06655333559128128	0.10737002486821631
0.03597494630383162	0.024163467395654784	0.034570727771724326	0.02322028909511247	0.08599463871013112	0.057760437809244204	0.08263798977120625	0.055505861068271226	0.05400102861329512	0.03627113389437361	0.05189319377481563	0.03485535420244952	0.1290842495317683	0.08670264657271325	0.12404567368888059	0.08331836179652766
0.05055975134463879	0.04307859395588634	0.03892424223413537	0.03316475223177069	0.061841140142225415	0.05269071336598809	0.047609401844622395	0.04056479780857529	0.0866692629497873	0.07384510184039365	0.06672373371292725	0.0568508458882021	0.10600776098693196	0.0903221469702289	0.08161178917251942	0.0695359655511669
0.03851838867529603	0.026278324150072755	0.036699551927737765	0.02503746275186338	0.08191355937270739	0.05588372565705961	0.07804560442873719	0.053244898403085855	0.058843324930211806	0.04014456522621605	0.056064745518861134	0.03824894048802391	0.12513675561537163	0.08537180137180027	0.1192278031017523	0.08134054838120296
0.04897171488849329	0.04114338224249291	0.038017025377002245	0.03193984548774865	0.06486256611126665	0.05449401469442633	0.05035318504741416	0.04230401864116705	0.0826423406370752	0.06943161818996091	0.06415572679797606	0.05390016659012868	0.10945898658781957	0.09196151156464273	0.08497364407853011	0.07139025306385531
0.04012780358189898	0.027748387757298876	0.037934077317716766	0.026231425412533083	0.07914597192522625	0.05472946242689764	0.07481918147525216	0.05173748558207933	0.06211546474365726	0.04295286179603711	0.058719706335352284	0.040604693876717945	0.12251327981832262	0.08471796835027269	0.11581566430841742	0.08008656529231949
0.04787572578113768	0.039733373042918345	0.03745116721671259	0.031081747036420464	0.06704977957535443	0.055646444222943243	0.05245022327598115	0.043529873513269896	0.0798547545105785	0.06627364282108818	0.062467016748673124	0.05184308412784704	0.111836292831467	0.09281599537777568	0.08748482942850072	0.07260605048933208
0.04121442438290226	0.02883607302952854	0.038681332668146134	0.027063770764705362	0.07718674562262212	0.05400445759006957	0.07244274861785589	0.05068527392732128	0.06443248153392439	0.04508081262337787	0.06047237806096482	0.04231008769732201	0.12066973241670455	0.0844277523833448	0.1132532149235378	0.07923871375767244
0.04709202178774366	0.03866756635110536	0.03709744766124793	0.030460956324268554	0.06866325908658363	0.056379850042977374	0.054090513923914695	0.04441407390715839	0.07786502034065866	0.0639354762474055	0.061339339596614764	0.05036613196340596	0.11353231104688397	0.0932221213645637	0.08943678370628941	0.07343712664917851
0.041973978726987604	0.02966919348389779	0.039133656583344355	0.027661519448885036	0.0757708761657498	0.05355843914698219	0.07064356386551138	0.04993421229735229	0.06611015059197785	0.04672978137052054	0.06163656647293761	0.04356764051993307	0.11934117721804371	0.08435598875456875	0.11126552181006781	0.07864773354324016
0.046521817700674324	0.0378439519303836	0.036885492791480075	0.030005122007712295	0.06986267927822884	0.056830966780878296	0.055391630857821006	0.045059250027940034	0.07642137905752813	0.062166250986035704	0.06059179038269955	0.04928940690521479	0.1147634069125948	0.09335621584073095	0.09099181905652096	0.0740188194835566
0.04251600628817032	0.030321689443080155	0.03939741741323303	0.02809756512797947	0.0747371204102885	0.05330123764661762	0.06925508264134535	0.04939154195181338	0.06733946177193213	0.048025353869627654	0.062400049191577794	0.044502649190415584	0.11837324109657095	0.08442177354507918	0.10969045301266875	0.07822935739960006
0.058752066601355464	0.03571896023732889	0.10819553702744925	0.06577865781577025	0.0470675438918942	0.028615227105977484	0.08667777122633237	0.052696697205579277	0.06276141332234644	0.03815648634303081	0.11557899512008521	0.07026751176220764	0.05027951776250715	0.030567981683041437	0.09259281826981948	0.056292814625274766
0.04271673240208142	0.030174514673074516	0.0403305006114974	0.028488913220683806	0.07433493223701582	0.052509177958530856	0.07018245220213772	0.04957592293886616	0.06728915541108146	0.047532137715466626	0.0635302648599014	0.04487690891604805	0.11709544542608886	0.08271461877986605	0.11055428792887563	0.07809403471878429
0.058887281014275095	0.03613471734076601	0.10638680124066176	0.06528161812544316	0.04759555133193613	0.02920582788735847	0.0859869630975648	0.052763764144046224	0.06322405936193057	0.03879587365606772	0.11422170154765647	0.07008931009406547	0.05110074554205815	0.03135670325170998	0.09231950882423491	0.056649573540225165
0.04290036658037888	0.030049980894538572	0.041172213746434566	0.02883947935848364	0.07399416400827229	0.05182993507968992	0.07101346164092419	0.04974207298594079	0.0672299979256985	0.04709190886334066	0.06452177604550355	0.04519490838886804	0.11595769195746593	0.08122369820239116	0.11128657536925501	0.07795176895281458
0.058986344221971604	0.03649111818031916	0.10479196876547746	0.06482815924613568	0.04805034167785075	0.029725705498426975	0.08536365443038055	0.05280909070073611	0.0636345637417959	0.03936667743158725	0.11304974573337223	0.06993672325729407	0.05183678647396711	0.03206813926612044	0.09209044874252964	0.05697053263203484
0.043067506565368924	0.029943976064989136	0.04193634204616924	0.02915749999544772	0.07370032734866318	0.0512423637704815	0.07176459431002827	0.04989648729887491	0.06716157909442767	0.046696102869060736	0.06539758574111547	0.04546963356626496	0.11493190015538689	0.07990985180748754	0.11191322324678417	0.07781102611944969
0.059060611406261204	0.03679906483797489	0.10337401808390737	0.06440954645499007	0.04844714650377867	0.030186102767273727	0.08479722914389594	0.05283485319652536	0.06400576999127366	0.03988025900564396	0.11202954840814429	0.06980257260261451	0.0525036372299671	0.032713592098883096	0.0918973206549999	0.05725872761386624
0.043219127386466334	0.029853371484748117	0.04263377304955127	0.029449041237312214	0.07344310386281841	0.05073041486941788	0.07244839985183307	0.05004332861495054	0.06708424042832428	0.046338065374870265	0.06617566005088546	0.0457104685405129	0.11399755467711054	0.07874317585584456	0.11245358636809619	0.07767668834725786
0.05911775340820317	0.03706688051041336	0.10210433786857334	0.06401950468645717	0.04879723245264224	0.030595905295514352	0.08427940546036611	0.05284325725501247	0.06434664941270671	0.040345402650150436	0.11113534688945031	0.06968195484679872	0.053113290474005516	0.03330207726130635	0.09173382010008908	0.05751718142831075
0.04335636267475132	0.02977571347212181	0.04327328768047748	0.029718660318360908	0.07321498281073649	0.05028162455399788	0.073074695805496	0.05018528008656092	0.06699869649041917	0.04601248505715008	0.0668703204924359	0.04592432067488113	0.11313929742414501	0.07770032112265596	0.11292251156145246	0.07755143977435736
0.13393453953592538	0.09150187744597445	0.08525414677330796	0.05824423271877451	0.08644921932946348	0.05906068665926876	0.05502803428218801	0.037594249149085705	0.08669109593441508	0.05922593278278565	0.05518199743202993	0.03769943424410933	0.05595552567928593	0.03822789603691246	0.03561770261479015	0.024333429381683164
0.041844522919700165	0.028735899482732672	0.042281761069686064	0.029036164144660412	0.07218406755191845	0.049570982405684375	0.072938327033271	0.05008895520421856	0.06637014904182222	0.04557838872197746	0.06706365823147228	0.04605464245779803	0.1144921004610206	0.07862518821706746	0.11568844136063229	0.07944675169633798
0.13697874356353215	0.0935865724154886	0.0860593170706969	0.0587974184865314	0.08669510791774883	0.05923180330129016	0.054467734092708914	0.03721342748782502	0.08646662743179971	0.05907570093834296	0.05432418718847233	0.03711535341882082	0.054725524570217905	0.0373895550136278	0.034382278215774525	0.023490648887122028
0.04048032452858368	0.027797610774701477	0.04141848576807891	0.028441840811962785	0.07116218382112102	0.04886667067949249	0.07281141967474342	0.049999191647853464	0.06577345773914305	0.045166262840802	0.06729780590969366	0.046213024140854646	0.1156261207065821	0.07939980561471738	0.11830584094063101	0.08123995440103912
0.13981965250615827	0.09553248238063386	0.08668453019313106	0.059227642215632585	0.08698345652087247	0.0594318851358959	0.05392746962201447	0.03684621545794756	0.08625989919508457	0.058937510945728584	0.0534788829910975	0.03653971638112876	0.053663301664978805	0.03666572136967962	0.03326984447508958	0.02273178894492629
0.03926662967547278	0.026962793148720226	0.04068785998333852	0.027938694037703642	0.07017089014356201	0.04818348841342606	0.07271068020515326	0.049927458665974485	0.06520799314133315	0.044775669448685974	0.06756815435031646	0.046396295894128046	0.1165290466999455	0.08001574385057944	0.12074674030607929	0.08291186203558121
0.1424326645086103	0.09732277145220719	0.0871273822160567	0.05953324215267905	0.08730714823948732	0.05965607442344756	0.053406592519343696	0.036492174149329586	0.08608920399942131	0.0588238656788705	0.05266156472892653	0.035983104339939564	0.05277021897559579	0.036057346666672596	0.03228003249236276	0.022056613457049585
0.03819965025384099	0.026228826500627047	0.040087616148666246	0.02752515067023102	0.06922733970754218	0.047533206985488505	0.07264880706362559	0.0498824712605259	0.06467201264123515	0.04440540653491336	0.06786833913650411	0.046600083515636166	0.11720189475386822	0.08047372535131683	0.12299443941419408	0.08445103006178455
0.1448066310612933	0.09894979438204689	0.0873952808177468	0.05971926149719553	0.08765783054406817	0.05989866793213682	0.052904212052489706	0.036150698805514414	0.08596738960884993	0.05874354967733783	0.05188397866154311	0.03545354921011271	0.052039846624556574	0.03556005747411897	0.031407657067448226	0.0214615945835408
0.037270499584468285	0.02558959132780792	0.03961003253439651	0.027195893705132458	0.0683433661717995	0.0469239433278724	0.07263339605738134	0.04986943943820281	0.06416344574819415	0.044054047388312916	0.06819109488578146	0.04681939522619402	0.11765728703675983	0.0807824398807889	0.12504283600687272	0.08585329168003501
0.05269943005231214	0.01996484848611907	0.09400465716064296	0.03561307466397281	0.04519808642194957	0.017123011508492547	0.08062384382895367	0.030543837472545195	0.08754412136665914	0.033165541206058746	0.1561602299556833	0.05916032350877279	0.07508291378741963	0.02844469088516082	0.13393206647969857	0.050739323215559
0.04012397657373863	0.023806463675739523	0.04464422336850326	0.0264884284338232	0.06942503218009011	0.04119144331930715	0.07724624797139529	0.045831947714320004	0.06868451662660666	0.04075207867674919	0.07642230815783245	0.045343085569598825	0.1188422779659647	0.07051181401074323	0.13223069237376736	0.07845546338182059
0.0509578993980201	0.021932674194276813	0.08695312980965196	0.03742529988121634	0.0458231655137531	0.01972264499981758	0.07819136397449994	0.03365416807046511	0.08505302346476531	0.03660747940805734	0.14513209291202572	0.062465975767765816	0.07648272039687914	0.032918754653805386	0.1305079682135316	0.0561716393414686
