N <- 100
controlGroupFlip <- c(0,0,1,1,1,0,1,1,0,0,0,0,0,0,1,0,1,0,0,1,1,1,1,1,1,0,0,1,1,1,0,0,1,1,1,0,0,1,1,0,0,1,0,0,1,0,0,1,1,1,0,0,1,0,1,0,1,1,0,1,0,0,1,1,1,0,0,0,1,0,1,1,0,0,1,1,1,0,0,0,1,1,0,0,0,1,1,0,0,0,1,0,1,1,0,0,0,1,0,1)
treatedGroupFlip <- c(0,1,0,0,1,1,1,1,1,1,0,0,1,1,0,1,0,0,1,0,1,0,1,0,0,0,0,1,1,0,0,0,1,1,1,0,1,1,1,1,1,1,1,1,0,1,0,1,0,0,1,0,1,1,1,1,1,1,0,0,1,0,1,0,0,0,1,0,1,0,1,0,0,1,1,0,1,0,0,0,1,0,0,1,1,1,1,0,0,1,1,0,1,1,0,0,1,0,0,0)
