N <- 20
y <- c(1, -1, 1, -1, -1, -1, 1, 1, 1, 1, 1, -1, 1, -1, -1, -1, 1, 1, 1, 1)
x1 <- c(6, 8, -1, 0, 5, 1.2, -2, 9.8, 4, 12,
	        1, 10, 1, 2.2, -6, 9.8, 1, 1, 1, 1)
