0	0.43882417870300283
1	0.43504357883559913
2	0.43137312102208036
3	0.42999900903076405
4	0.4286596524584201
5	0.4283429959164049
6	0.4280312009248234
7	0.42595811192083805
8	0.42393745735543764
9	0.42235869110930035
10	0.4208246724436382
11	0.420693379366418
12	0.42056236587210294
13	0.42032999348673583
14	0.420094903017055
15	0.41785638851496554
16	0.41567686162018386
17	0.41540599984561366
18	0.4151378760157952
19	0.41656331638923294
20	0.417939709395859
21	0.4163197518727053
22	0.41474518363321816
23	0.4140529499854912
24	0.4133791965588635
25	0.4100032464441028
26	0.4067305504247295
27	0.4066373851557827
28	0.4065425661945572
29	0.40666478185804
30	0.4067788546516502
31	0.4055027096573551
32	0.40426290005531906
33	0.40133849991335074
34	0.3984991755153625
35	0.39655438270642474
36	0.39466299520261405
37	0.39425166931547856
38	0.3938490464389568
39	0.39527998491065097
40	0.39667047361230057
41	0.395916877997007
42	0.395177001719031
43	0.39498510468322356
44	0.39479547781689106
45	0.39352866547236554
46	0.3922963694501561
47	0.3906989409878987
48	0.38914862496043356
49	0.3909728836637295
50	0.3927454357499882
51	0.3910822056049715
52	0.3894657346423549
53	0.38970018848687504
54	0.3899251058492269
55	0.39079209230279444
56	0.39162660092026325
57	0.39335385472413303
58	0.3950255249455962
59	0.39577079767875634
60	0.39649283571792804
61	0.39311985356945556
62	0.38984941201613404
63	0.390302228507845
64	0.3907402547760841
65	0.39158336520852766
66	0.3923993240583649
67	0.39149165113739287
68	0.390610392556615
69	0.392103611705956
70	0.39355311290281536
71	0.3916831512753094
72	0.38986709415878473
73	0.3884622178907009
74	0.38709152024157545
75	0.3886182345718016
76	0.39010137433482295
77	0.3929272402745664
78	0.395671075151664
79	0.39288385317210806
80	0.3901838632384937
81	0.3900808611660797
82	0.3899770659819598
83	0.3886282356955397
84	0.3873186238916124
85	0.3857796798928284
86	0.38428613857395744
87	0.3826517572527388
88	0.38106395300543583
89	0.3826158567378448
90	0.3841173567299612
91	0.3855617534008084
92	0.38695788992441815
93	0.3875237388883873
94	0.388069675546193
95	0.38761457728628745
96	0.38716521594516834
97	0.3885026345183404
98	0.3898018744313496
99	0.389842123022074
100	0.38987981602976557
101	0.3917458051345374
102	0.39355942395804633
103	0.3929455436122339
104	0.39234902857094694
105	0.3897115660260674
106	0.3871503748100264
107	0.3861524407606519
108	0.38518130905165265
109	0.384159042364332
110	0.38316700628225453
111	0.3837563364334255
112	0.3843268346779499
113	0.38489229638414935
114	0.3854355729361152
115	0.38764382321051954
116	0.38978264247206207
117	0.3883117021886046
118	0.3868804924160385
119	0.3854070188505414
120	0.3839777324549289
121	0.38479595125798094
122	0.3855874003394986
123	0.3862819361920403
124	0.3869520820759853
125	0.38846348566346106
126	0.38992994871021536
127	0.39088969271636875
128	0.39181246022269883
129	0.3935941127170428
130	0.3953208692743245
131	0.39827133107365076
132	0.4011368921254949
133	0.4014235539881979
134	0.4016963210456862
135	0.40543300253724707
136	0.4090597840354807
137	0.41013804180317454
138	0.4111826829573474
139	0.415991177271526
140	0.420666495910982
141	0.42098664105707917
142	0.4212986646310176
143	0.4259853758908762
144	0.43053385667478017
145	0.4306015973544104
146	0.4306553472388877
147	0.4283581157810106
148	0.42612976175274464
149	0.42912836663982973
150	0.43203591497621097
151	0.43381619176133984
152	0.43553282250990993
153	0.43378742304343343
154	0.43209807931938254
155	0.43282136557575107
156	0.4335200540665409
157	0.4351448282490942
158	0.4367135175323553
159	0.43713748380089334
160	0.4375452525975987
161	0.4409875122138509
162	0.44432205799509983
163	0.4461058614003352
164	0.44783359567038306
165	0.445397415110646
166	0.4430413675535843
167	0.4450226866670687
168	0.44694179933230804
169	0.44339704497627874
170	0.43997048989094
171	0.4406200737377338
172	0.4412444191297922
173	0.4408863327864438
174	0.4405360302396673
175	0.4404287349226593
176	0.440324061613262
177	0.44366928019782215
178	0.4469090695933211
179	0.45009142583631556
180	0.45317232656619133
181	0.45286942379363
182	0.45256895856333956
183	0.4545834987572106
184	0.45652898654285845
185	0.4589455373226628
186	0.46128033199844726
187	0.46039660699826546
188	0.4595369230966393
189	0.45654155868102964
190	0.4536363568921316
191	0.45155764639084517
192	0.4495445430015861
193	0.45058142749882435
194	0.45158145135355726
195	0.45547135267103267
196	0.45923456579581
197	0.4599621817891678
198	0.4606625986347739
199	0.46105305485160586
200	0.4614283747620467
201	0.4605837733401832
202	0.45976674971853354
203	0.463271435875414
204	0.4666539514045831
205	0.47100284289420186
206	0.47521110709472986
207	0.4783512662112468
208	0.4813839680114089
209	0.47888454367079875
210	0.4764690155989322
211	0.47571019182144253
212	0.47497335914076794
213	0.475439390078098
214	0.47588176935014104
215	0.475244433963164
216	0.4746220241952943
217	0.47759209838703937
218	0.4804596606507193
219	0.4823253045556628
220	0.48412671697224535
221	0.4877684693150539
222	0.4912878534239488
223	0.4890578223426077
224	0.48690483015734554
225	0.4889457928920292
226	0.4909178226084735
227	0.4969371659010025
228	0.5027516749883865
229	0.5053010661972914
230	0.5077517154241916
231	0.5057957602971969
232	0.5038993143744653
233	0.5034338672147602
234	0.5029749270660109
235	0.5080243264112855
236	0.5128941981657096
237	0.5101831183793804
238	0.5075635084255892
239	0.5076310158633073
240	0.5076905589227616
241	0.5044262872997192
242	0.5012786585788722
243	0.501871582629851
244	0.5024350999084652
245	0.5021015457601117
246	0.501773753361811
247	0.5051264968987398
248	0.5083602386000644
249	0.5107159503458417
250	0.5129798989291303
251	0.5159853231530028
252	0.5188668227327905
253	0.5214469946315436
254	0.5239256744673757
255	0.5240730732795946
256	0.5242133557449962
257	0.523080063375159
258	0.5219778575541626
259	0.5225503554604155
260	0.5231003125738267
261	0.5285148555151774
262	0.5337337010980989
263	0.5367296007935514
264	0.5396119433781451
265	0.5420757376020805
266	0.544436397636537
267	0.55042182805387
268	0.5561800538933869
269	0.5565591420336049
270	0.5569124135782335
271	0.5596505202500349
272	0.5622814964555394
273	0.5611686020730482
274	0.5600946359728668
275	0.5645113560904053
276	0.5687524272799309
277	0.5703681944940312
278	0.5719030118825643
279	0.5717049034167749
280	0.5715095117658232
281	0.57370557312148
282	0.5758088707900293
283	0.5806598975334429
284	0.5853183538806774
285	0.5869762978680158
286	0.5885474952537536
287	0.5928622238257841
288	0.5969944450237762
289	0.6054110344435043
290	0.6134621640529171
291	0.6140903596686179
292	0.6146866244852154
293	0.6161188649688787
294	0.6174878986001211
295	0.6153481155194302
296	0.6132816145669593
297	0.6119652550815948
298	0.6106916325894459
299	0.6101355826978823
300	0.6096001417869357
301	0.6117050513095099
302	0.6137159411988383
303	0.6118408688022597
304	0.6100392996994565
305	0.6145732731651532
306	0.6189148465923794
307	0.6170488307767932
308	0.6152463908643863
309	0.6136645859558625
310	0.6121416129586794
311	0.6108040118249554
312	0.6095101859494735
313	0.6120584145519095
314	0.614488079465314
315	0.6163593064717542
316	0.6181448555371307
317	0.622921445989219
318	0.6274889108410843
319	0.6281098382853879
320	0.6286886389468795
321	0.62861117539044
322	0.6285323430882245
323	0.6307091170361057
324	0.6327830913976206
325	0.6337881727112686
326	0.6347458563365261
327	0.6354036122228374
328	0.6360244372381727
329	0.6415217965726345
330	0.6467790125971555
331	0.6459797459713034
332	0.6451988077783819
333	0.647500102928213
334	0.649702590203902
335	0.6526557439438678
336	0.655467169548471
337	0.6619678718683321
338	0.6681711267014385
339	0.6724117411392219
340	0.6764591346580915
341	0.6810007872284899
342	0.6853192916420741
343	0.6881097883014075
344	0.6907730840084276
345	0.6933615464465789
346	0.6958232424328793
347	0.6975547127481473
348	0.6991957053987551
349	0.7031687071696565
350	0.7069387452926232
351	0.7077744389641608
352	0.7085516200622368
353	0.7105638732372151
354	0.7124657401550658
355	0.7168058819840502
356	0.720913668779467
357	0.7181298017788279
358	0.7154652280187752
359	0.7153369605169457
360	0.715204951871359
361	0.7168364013956474
362	0.7183783353095954
363	0.7191525138469508
364	0.7198904879810892
365	0.7170563842118028
366	0.7143296983205824
367	0.7171797087160868
368	0.7198882815725689
369	0.7183237823597635
370	0.7168072736000529
371	0.7154857467730399
372	0.714223773294714
373	0.714796979819281
374	0.7153335191510954
375	0.7158534552416421
376	0.7163328796524927
377	0.7192626759736462
378	0.7220479054132983
379	0.7212950878115013
380	0.7205690115023033
381	0.7196112200116944
382	0.7186845674216561
383	0.7227871821213881
384	0.7266680602329344
385	0.7232468264586275
386	0.719987133406446
387	0.7219485027227498
388	0.7238052298289439
389	0.7231049357016701
390	0.7224392459690224
391	0.7235943546904553
392	0.7246843090557245
393	0.732862112226164
394	0.7406207291834768
395	0.7415512245738715
396	0.7424304563851933
397	0.7452832939114066
398	0.7479915467186149
399	0.7480410315887002
400	0.7480809772158338
401	0.7469814658622366
402	0.745928606618964
403	0.745399415898669
404	0.7448919509954807
405	0.746169364732376
406	0.7473503160172834
407	0.7475404884213598
408	0.7477169516546485
409	0.7440821255196424
410	0.7406162714475997
411	0.7398685017931885
412	0.7391506736332408
413	0.7439415559014553
414	0.7484855702650066
415	0.7440818243461284
416	0.7398833605173786
417	0.7425720376765061
418	0.7451177263890358
419	0.7441167435646532
420	0.7431604989856345
421	0.7468842323654292
422	0.7503986428945989
423	0.7546877456290324
424	0.7587531256233627
425	0.7611809884598605
426	0.7634724096050909
427	0.7642601581239687
428	0.7650015348545316
429	0.7696333792520825
430	0.7740187614225676
431	0.7744341077183288
432	0.774818938314207
433	0.7794108045056978
434	0.7837593309312811
435	0.7813220394116721
436	0.7790008544508071
437	0.7840343078357958
438	0.7887952316539621
439	0.7873789247800136
440	0.7860313726896229
441	0.7939782243799826
442	0.8014992274755579
443	0.7973687906968357
444	0.7934377285101639
445	0.7936016122368413
446	0.7937543143652382
447	0.7882319063807266
448	0.7829695116242898
449	0.7844020639445052
450	0.7857560926729493
451	0.7958292736350417
452	0.805349625102439
453	0.8063142905019357
454	0.8072185236244727
455	0.8077571571046928
456	0.8082483940278891
457	0.8084778194048593
458	0.8086912590353644
459	0.8136472816111424
460	0.8183300531549615
461	0.8192193772115809
462	0.8200556091332755
463	0.8181133500517431
464	0.8162724172964025
465	0.8190213876400075
466	0.8216136551280316
467	0.8228804968729185
468	0.824075395346694
469	0.8222484459205354
470	0.8205182028320168
471	0.8190457359832032
472	0.8176404750454715
473	0.8204546239007111
474	0.8231095184093832
475	0.8226662778074408
476	0.8222450164890522
477	0.8192444909988259
478	0.8163873648540582
479	0.8214741561050106
480	0.8262793500585669
481	0.827582810622954
482	0.828806788304458
483	0.8296363247506414
484	0.8304145555472493
485	0.8306938372619161
486	0.8309446000762724
487	0.8364817438730021
488	0.8417067023704629
489	0.8356409394165223
490	0.8298973678313181
491	0.832354969603091
492	0.8346636494621086
493	0.8355249436351828
494	0.8363368747871047
495	0.8367516030611335
496	0.8371395073479917
497	0.8382898944942617
498	0.8393743609526128
499	0.8402271964274796
500	0.8410170637463494
501	0.8406981570963924
502	0.8403887100010855
503	0.8446056212041237
504	0.8485792083857517
505	0.8507865392230342
506	0.8528696686090095
507	0.855783048562478
508	0.8585203135803594
509	0.8583285491412949
510	0.858145357635832
511	0.8531994875869644
512	0.848522973600593
513	0.8502279510724973
514	0.8518294863212796
515	0.8554881350114515
516	0.8589327865030055
517	0.8621851917526709
518	0.8652472416151519
519	0.8639590997525547
520	0.8627392122308696
521	0.8598064369185237
522	0.8570238014970832
523	0.8554491036592357
524	0.8539574509778842
525	0.853672624467398
526	0.8534054536185739
527	0.8525653871080742
528	0.851770592004297
529	0.8495058552178099
530	0.8473595498044895
531	0.8477344004116187
532	0.8480849768583905
533	0.8509206521006877
534	0.8535951700265388
535	0.8560956019315494
536	0.8584527449110999
537	0.8664371840434836
538	0.8739499436370444
539	0.8725211674898669
540	0.8711683740195605
541	0.8687451097421495
542	0.866449089920342
543	0.8665459623158791
544	0.8666321491035877
545	0.8732016678400655
546	0.8793816512150443
547	0.8824080167237438
548	0.8852577340184419
549	0.8845405415544976
550	0.8838630827609587
551	0.8848593180189317
552	0.8857906233455811
553	0.8880193639013029
554	0.8901151131753282
555	0.8910375872354155
556	0.891896267370112
557	0.8952321295097947
558	0.8983696456992619
559	0.9007498855017773
560	0.9029861731176996
561	0.9032281905670604
562	0.9034547562092985
563	0.901436214639656
564	0.8995297909683171
565	0.9049760959808766
566	0.9100919394333591
567	0.9062958355954637
568	0.902714532538156
569	0.9069584184267407
570	0.9109471937075222
571	0.910945836360073
572	0.9109407357496838
573	0.9090296176071119
574	0.9072285120681708
575	0.907280722382135
576	0.9073262698623634
577	0.9054742045256073
578	0.9037271706979361
579	0.9043790641821187
580	0.9049932982404653
581	0.8983508820294325
582	0.8920802477555857
583	0.8945581819714044
584	0.8968843952907699
585	0.8981617513818942
586	0.8993604199301884
587	0.904053194190983
588	0.908462679087201
589	0.9078341002503947
590	0.9072385593429102
591	0.9111579491368375
592	0.9148434725134557
593	0.9185090472576459
594	0.9219498676646467
595	0.9224629743732997
596	0.922937248063966
597	0.9228728602630221
598	0.922809382791023
599	0.923469579283109
600	0.92408259632656
601	0.9194194603197043
602	0.915021667019524
603	0.913069439748342
604	0.9112305140546941
605	0.9098424838215817
606	0.9085336475965786
607	0.9071347633158018
608	0.905813559003365
609	0.9073535871122456
610	0.9087997404920909
611	0.9106374066662823
612	0.9123631681369263
613	0.9060986177753462
614	0.9001982126057356
615	0.8922884777458421
616	0.8848228227701328
617	0.8882348600017461
618	0.8914448399329089
619	0.8967686641118363
620	0.9017668590839321
621	0.8992544253795436
622	0.8968824268444088
623	0.897546455507823
624	0.8981677588989349
625	0.8994253707127423
626	0.9006056898814173
627	0.8983827471647822
628	0.8962893938600205
629	0.8951802714182248
630	0.8941286404873185
631	0.9009470745746588
632	0.9073457777099617
633	0.9096034835055236
634	0.9117211604612429
635	0.9114383189662679
636	0.9111682753906094
637	0.9070416212992647
638	0.9031520626406785
639	0.902839925065249
640	0.902544763439563
641	0.9072968999229416
642	0.9117570717391311
643	0.913295119550247
644	0.9147379188053664
645	0.9166500551280565
646	0.9184453602794838
647	0.9231428255119016
648	0.9275487555156672
649	0.9308209144109155
650	0.9338879644193562
651	0.9330776966793425
652	0.9323168258674049
653	0.9313580481725251
654	0.9304543923333897
655	0.9304854865439133
656	0.9305136452852357
657	0.9361909129853305
658	0.9415103331722141
659	0.9445212430846853
660	0.9473411956789624
661	0.9436684399570586
662	0.9402138527216257
663	0.9407358897009269
664	0.9412273270510747
665	0.9439999280705267
666	0.9465982155628194
667	0.9412871011467927
668	0.936288564705942
669	0.9383395445725738
670	0.9402675533237943
671	0.9401203375978261
672	0.9399785482378278
673	0.9446651764097488
674	0.9490563921164372
675	0.9470833752942881
676	0.945229357262086
677	0.9427183811255858
678	0.9403555842523355
679	0.9373810848317671
680	0.9345836904647434
681	0.9305055655511222
682	0.9266681625291763
683	0.9238297586327479
684	0.9211586861770376
685	0.9231533208114812
686	0.9250230262640317
687	0.9273830569441295
688	0.9295952639305394
689	0.9273909112751959
690	0.9253182913130538
691	0.92835688167545
692	0.9312049660375585
693	0.9310124545547598
694	0.9308339443539739
695	0.9282708099144723
696	0.9258620179750566
697	0.9232520599200249
698	0.9207988041481436
699	0.9270845111894829
700	0.9329739459564985
701	0.9240067276167909
702	0.9155653303946566
703	0.914276400538337
704	0.9130617340352339
705	0.9114534755981922
706	0.9099414753340025
707	0.910382745803097
708	0.910797597977448
709	0.9170849098122857
710	0.9229761332765651
711	0.9264772528191547
712	0.9297604319233401
713	0.9297848435196323
714	0.929806380612856
715	0.9233382693588134
716	0.9172526329385673
717	0.9143606101591725
718	0.9116423437142203
719	0.9107840391919999
720	0.9099775477803642
721	0.9143128632401532
722	0.9183796513148117
723	0.9208053625774559
724	0.9230817819659008
725	0.9261838464608053
726	0.9290919728955035
727	0.9273270879906078
728	0.9256693150810383
729	0.9240559947933953
730	0.9225425416724616
731	0.9285137141844576
732	0.9341072910508792
733	0.9336055906927382
734	0.9331325013561172
735	0.9368286894861638
736	0.9402914808576527
737	0.9371004731045031
738	0.9341004908457374
739	0.9296967862803989
740	0.9255591801400191
741	0.9266582173873317
742	0.9276870503934606
743	0.9319474619723521
744	0.9359366827648954
745	0.9417111184387609
746	0.9471167992282805
747	0.951871908834496
748	0.9563214308496057
749	0.9613054882767399
750	0.9659682915330278
751	0.9621283234354042
752	0.9585230387876732
753	0.9645211410841238
754	0.9701287630801161
755	0.9672472853706346
756	0.9645435297892934
757	0.9635636928688052
758	0.9626441133815908
759	0.9622981273144056
760	0.9619733781352137
761	0.9587791533553063
762	0.9557801211346347
763	0.9535010468686455
764	0.9513579934317592
765	0.9511927598199663
766	0.9510369561476334
767	0.9530266516078201
768	0.9548886306967007
769	0.9534663984359455
770	0.9521292355324624
771	0.9534154999559469
772	0.9546201137876711
773	0.9600473377954516
774	0.9651239583614358
775	0.9610991169016021
776	0.9573214527946614
777	0.956698741084611
778	0.9561136389343274
779	0.9596243461348554
780	0.9629081452768214
781	0.9628266027074942
782	0.9627506099687159
783	0.9588571467451632
784	0.9552023656537015
785	0.9565136986469944
786	0.9577398442895257
787	0.959330421262453
788	0.9608192819647425
789	0.9613087681192002
790	0.9617688359447756
791	0.9636190832938729
792	0.9653504000412325
793	0.9697733760746613
794	0.9739092788382682
795	0.9703509795852346
796	0.9670145628789837
797	0.9674272919511275
798	0.9678139385810587
799	0.9681292921453264
800	0.9684235443062922
801	0.9677957675777134
802	0.9672054837336501
803	0.9668588681693592
804	0.9665335033058382
805	0.9654884864867819
806	0.9645073907102333
807	0.9630479485978534
808	0.9616789779903704
809	0.9602695477567752
810	0.9589487371984617
811	0.9537967348352248
812	0.9489601793073615
813	0.9515578324469735
814	0.9539911079061805
815	0.9598348969201842
816	0.9652995544815173
817	0.970222267985036
818	0.9748243237003322
819	0.9794601335797322
820	0.9837934487328753
821	0.9809372231901561
822	0.9782609731643296
823	0.977621355219725
824	0.9770203647828246
825	0.9750875780399851
826	0.9732767596609226
827	0.9711582452803934
828	0.9691721548340352
829	0.9657282042958465
830	0.9624973875889551
831	0.9673385644535024
832	0.9718647650605774
833	0.9676248455750832
834	0.963648261106479
835	0.956515106327424
836	0.9498145499211665
837	0.952095124278841
838	0.9542305918216657
839	0.9555847170829849
840	0.9568525059178508
841	0.9594819417615441
842	0.9619438622174381
843	0.964816712072971
844	0.9675044404206727
845	0.967214839991045
846	0.9669409032723582
847	0.9634509542373665
848	0.9601773217474252
849	0.9623760520916764
850	0.9644339306288052
851	0.969390130476552
852	0.9740232134122606
853	0.9734726552621482
854	0.9729562635766278
855	0.9719747209732262
856	0.9710537864806522
857	0.9716797775819005
858	0.9722658114502223
859	0.9798854239440465
860	0.9869993757954553
861	0.9824461110525414
862	0.9781727348725104
863	0.9732083869996782
864	0.9685523931947714
865	0.9689026428491976
866	0.9692295999415989
867	0.9650671160676177
868	0.9611615741726097
869	0.9570955727246128
870	0.9532810147028661
871	0.9542209225344617
872	0.9551014286016585
873	0.9576826080474907
874	0.9600975290635352
875	0.9591591623405191
876	0.9582797869604265
877	0.956394229267473
878	0.9546267852351614
879	0.9496028026285009
880	0.9448870188365592
881	0.947060606725058
882	0.9490965402510488
883	0.9419998414924885
884	0.9353312305477366
885	0.9355875783696079
886	0.9358280020858403
887	0.9341671579486043
888	0.9326096481911721
889	0.9337303234729365
890	0.9347808030155715
891	0.9336295116149481
892	0.932549501944439
893	0.9349428384596005
894	0.9371852370467363
895	0.936981116084122
896	0.9367891901116057
897	0.935136572171529
898	0.9335868536625257
899	0.9294774522756418
900	0.9256187347656563
901	0.9302094061923666
902	0.9345084563967261
903	0.9365508849834853
904	0.9384644427793823
905	0.9331802413746189
906	0.9282183680637893
907	0.9274164879513984
908	0.9266640567989869
909	0.9318497126713516
910	0.9367048294987195
911	0.9392824053816626
912	0.941697193253533
913	0.945028208308858
914	0.9481472739957867
915	0.9442262449389047
916	0.9405451869827358
917	0.9369223976227151
918	0.9335234152057149
919	0.9322194911022431
920	0.9309954136558753
921	0.9293261733052225
922	0.9277580969944728
923	0.9345836566644962
924	0.9409702871912752
925	0.9417978337014912
926	0.9425738085298574
927	0.9401241612693019
928	0.937825235868116
929	0.9314384038780152
930	0.9254347738347606
931	0.9240669416327606
932	0.9227820271491537
933	0.9214280534080564
934	0.9201554309314943
935	0.9232069002578064
936	0.9260668196332881
937	0.933926604352697
938	0.9412776439083375
939	0.9386387329309632
940	0.9361627686238272
941	0.9358283230379547
942	0.935513980973623
943	0.9354438798013398
944	0.935377124420268
945	0.9367476518251144
946	0.9380319375782613
947	0.9380573743046158
948	0.9380812798298801
949	0.9375957821042985
950	0.9371397970194282
951	0.936142638127291
952	0.9352077440288422
953	0.9437733825969534
954	0.9517782067372793
955	0.958996216398388
956	0.9657405348025166
957	0.956553140134884
958	0.9479209970174062
959	0.9498775363258714
960	0.9517098813273331
961	0.9569455181268582
962	0.9618409516175214
963	0.9648628470663188
964	0.9676893072406575
965	0.9610474041900133
966	0.9548124753023214
967	0.9581912555618188
968	0.9613519965097088
969	0.9640782921370964
970	0.9666278635942438
971	0.9659045590986178
972	0.9652271569924197
973	0.96555998764043
974	0.9658720475335173
975	0.9709056991098783
976	0.9756095506703067
977	0.9791497732909495
978	0.9824577276404107
979	0.986953028147203
980	0.9911514534334925
981	0.9887500580601992
982	0.9865022221498589
983	0.9862248302456682
984	0.9859654036620397
985	0.9846498911115752
986	0.9834179570099282
987	0.986567933993706
988	0.9895115869455277
989	0.9894902851658687
990	0.9894690282995267
991	0.990067671754889
992	0.9906273339535976
993	0.9891145045767512
994	0.9876981804281317
995	0.9842062843611586
996	0.9809355024974624
997	0.9818705660567415
998	0.9827447454206777
999	0.9800765567707335
1000	0.9775757579291661
1001	0.9740272472269716
1002	0.9707004729291262
1003	0.9668032551024167
1004	0.9631500793365801
1005	0.9664572871349758
1006	0.9695500942182912
1007	0.9705048616879819
1008	0.9713981797459307
1009	0.9730521931145898
1010	0.9745997782075332
1011	0.9812510756734707
1012	0.9874599564905914
1013	0.9884409434202917
1014	0.9893583073925213
1015	0.992308497263212
1016	0.9950638032719937
1017	0.9945092609813144
1018	0.993990440790286
1019	0.9912083092347435
1020	0.9886028629586102
1021	0.9850152085651209
1022	0.9816540297886005
1023	0.9883126570987175
1024	0.9945264326694135
1025	0.9916484822844538
1026	0.988953880956234
1027	0.9903086775214578
1028	0.9915753182357172
1029	0.9955430233810421
1030	0.9992480202843685
1031	1.003365488962158
1032	1.0072095067065643
1033	1.0047785791040964
1034	1.0025047578248274
1035	0.9994036827422184
1036	0.996500346542502
1037	0.9940846605192742
1038	0.9918242429539718
1039	0.9907827510431015
1040	0.9898065210045522
1041	0.9839227316921959
1042	0.9784059883963584
1043	0.9810964867354698
1044	0.9836116641114109
1045	0.9818754174024721
1046	0.980249621906964
1047	0.9791166373185787
1048	0.978055604928775
1049	0.9766753666728994
1050	0.9753819275289787
1051	0.9712506594424632
1052	0.9673793783343487
1053	0.9718099929680599
1054	0.9759505455944744
1055	0.9802622526023541
1056	0.984290653000545
1057	0.9844472440840986
1058	0.984593960216542
1059	0.983639962732032
1060	0.9827470067423233
1061	0.9816648281208835
1062	0.9806517607197731
1063	0.9810203276046303
1064	0.9813658068158929
1065	0.9838611018807641
1066	0.986193283761759
1067	0.9866280817958196
1068	0.9870339553281959
1069	0.9902646426038575
1070	0.9932818979176902
1071	0.9957261352612282
1072	0.9980091971867283
1073	0.9967666307400401
1074	0.9956041496116582
1075	0.9988233458787915
1076	1.0018302464368758
1077	1.0002416729583885
1078	0.9987550635998004
1079	0.9947055861483035
1080	0.9909134565847781
1081	0.9895301436767545
1082	0.9882357276225268
1083	0.9885804814558778
1084	0.9889024621099528
1085	0.9862979852264188
1086	0.9838591748863628
1087	0.9808752425730765
1088	0.9780804247176161
1089	0.9807093414063525
1090	0.9831671204877898
1091	0.9792332440823787
1092	0.9755465766217746
1093	0.9762639797624191
1094	0.976935630559315
1095	0.9756313011282883
1096	0.9744097304179122
1097	0.9766752743582313
1098	0.9787940917788994
1099	0.9791653984044794
1100	0.9795124285772474
1101	0.9821504585520927
1102	0.9846167266328054
1103	0.9810110094424583
1104	0.9776328154285947
1105	0.977008809980439
1106	0.9764256809104723
1107	0.982494380685129
1108	0.9881598075644112
1109	0.9864676952323959
1110	0.9848833578672989
1111	0.9827209836008224
1112	0.9806949292414534
1113	0.9838380688838185
1114	0.9867750285495983
1115	0.9873496585766438
1116	0.9878875874724291
1117	0.9841442576371277
1118	0.9806366007539828
1119	0.9759865042026346
1120	0.9716284664448204
1121	0.9747236178440316
1122	0.9776168795902485
1123	0.9787577960436765
1124	0.9798245739225673
1125	0.9856193287690522
1126	0.991029087340984
1127	0.9872715162487364
1128	0.9837520250865068
1129	0.9893788601575284
1130	0.9946305534356175
1131	0.9912944827255916
1132	0.9881703338613926
1133	0.9859632363974143
1134	0.9838965512425625
1135	0.9838922090672945
1136	0.9838879919434301
1137	0.9842429316982351
1138	0.9845748509795502
1139	0.9817862567813113
1140	0.9791745868611041
1141	0.9806124569812955
1142	0.9819571627895428
1143	0.9789422464146693
1144	0.9761181691443322
1145	0.9733428905490605
1146	0.9707423358460889
1147	0.9742091670704555
1148	0.9774495635204684
1149	0.9729756479677657
1150	0.968782598783779
1151	0.9665520749377468
1152	0.9644622458776986
1153	0.9708810417487603
1154	0.976875328271957
1155	0.9806043393311155
1156	0.9840881243167491
1157	0.9864171174994364
1158	0.9885934536477643
1159	0.9845519970407698
1160	0.980766147924699
1161	0.9786194803763086
1162	0.9766088373673506
1163	0.984150926954846
1164	0.9911866271768168
1165	0.9967335725421862
1166	1.001909187188789
1167	1.0100545582791651
1168	1.0176435318262218
1169	1.0172397401757662
1170	1.0168619371442769
1171	1.0154468587495133
1172	1.0141233811145958
1173	1.0099097713719043
1174	1.0059648890537571
1175	1.0074176257518364
1176	1.00877499456553
1177	1.004326441951721
1178	1.0001611157239023
1179	1.003360082431606
1180	1.0063468722144746
1181	1.004586696377724
1182	1.002940945440925
1183	1.0037265752313334
1184	1.0044610659333197
1185	1.0020777531478673
1186	0.9998465351972307
1187	1.001161506016225
1188	1.0023900598616862
1189	0.9944656833811882
1190	0.9870349648732485
1191	0.9916056677520411
1192	0.9958727114432878
1193	0.9897491810832555
1194	0.9840098885676912
1195	0.9816467152171439
1196	0.9794332813863494
1197	0.9779846471370761
1198	0.9766287222705986
1199	0.9795533205916085
1200	0.9822863507384294
1201	0.9809007537772978
1202	0.9796036138983977
1203	0.9733674280311871
1204	0.9675204207695468
1205	0.9749485784908533
1206	0.9818811434269671
1207	0.9799825202220288
1208	0.9782053175609035
1209	0.9790408471988667
1210	0.9798218840770089
1211	0.981188774379278
1212	0.9824668591186123
1213	0.9806342764261218
1214	0.9789192152818534
1215	0.9769636968722789
1216	0.9751329460639698
1217	0.9727047271995414
1218	0.9704306277204174
1219	0.9728104360876587
1220	0.9750353505386703
1221	0.9760742235722161
1222	0.9770459598146237
1223	0.9690342142046474
1224	0.9615153657294497
1225	0.9650028817082136
1226	0.9682634641228767
1227	0.967082248555268
1228	0.9659759408652698
1229	0.9686252213119266
1230	0.9711022101077864
1231	0.9740388606298236
1232	0.9767842705629091
1233	0.9814362014727316
1234	0.9857803133518331
1235	0.9848816436940351
1236	0.9840411779863788
1237	0.9871071490305303
1238	0.9899714142221554
1239	0.994031892362738
1240	0.9978228655189274
1241	1.0019132631900074
1242	1.0057310002156739
1243	1.0063994660512936
1244	1.007024116929742
1245	1.002224265998128
1246	0.9977306132842839
1247	0.998322738601967
1248	0.9988760234824546
1249	0.9968480656538264
1250	0.9949507310859828
1251	0.9930718096581777
1252	0.9913138379558282
1253	0.9936014063608495
1254	0.9957386065347478
1255	0.9950194714393528
1256	0.9943469733380259
1257	0.9991683857976119
1258	1.0036676871711236
1259	0.9939065003353544
1260	0.9847483323386969
1261	0.9830620492646428
1262	0.981483742261828
1263	0.9816088400773048
1264	0.9817258199272565
1265	0.9841519961259441
1266	0.9864193049848474
1267	0.985236488336749
1268	0.9841299790140046
1269	0.9866376908671791
1270	0.9889811547838523
1271	0.9796810973063617
1272	0.9709526103559422
1273	0.9675224311666859
1274	0.9643080611752113
1275	0.9631391594627698
1276	0.9620443272667027
1277	0.9614485867457383
1278	0.9608906576331767
1279	0.967048932247877
1280	0.9728007223398902
1281	0.9749791473271373
1282	0.9770157911019522
1283	0.9772620220438996
1284	0.977492371775431
1285	0.9818946862415405
1286	0.9860061917143306
1287	0.9808464745659314
1288	0.9760110066773553
1289	0.977447614325272
1290	0.9787898477802353
1291	0.9765936718961669
1292	0.9745379990831007
1293	0.9746032726202074
1294	0.9746635760516311
1295	0.9723609850711727
1296	0.9702043180980435
1297	0.9713664755684147
1298	0.9724532288300306
1299	0.9680364897544705
1300	0.9638964470699133
1301	0.9646221011150482
1302	0.9653009382701391
1303	0.9696048723132215
1304	0.9736267252497323
1305	0.9713300313342604
1306	0.969179317345447
1307	0.9720744842655878
1308	0.9747803985872375
1309	0.9743580062435324
1310	0.9739630064030016
1311	0.9769957545664979
1312	0.9798299399755587
1313	0.9764334037916625
1314	0.9732512598983768
1315	0.9744805228630011
1316	0.9756296095282732
1317	0.9720555509746799
1318	0.9687065371577144
1319	0.9666772680540688
1320	0.9647765697666405
1321	0.9657315896277194
1322	0.9666250786406247
1323	0.9628632306048371
1324	0.9593371650533201
1325	0.9568984929656695
1326	0.9546132183183527
1327	0.9553176658343078
1328	0.955977132371267
1329	0.9584382151600349
1330	0.9607405200716893
1331	0.9633335275940975
1332	0.965758266263936
1333	0.9677171314754858
1334	0.9695491107341393
1335	0.9670632051637038
1336	0.9647345097976461
1337	0.9636214019553055
1338	0.9625789016137379
1339	0.9602209725227733
1340	0.9580119442277212
1341	0.956539265506939
1342	0.9551593382330151
1343	0.9535694652615854
1344	0.95207952298005
1345	0.9536248686378264
1346	0.9550709800669959
1347	0.9531289784686358
1348	0.9513094606231635
1349	0.9616594885155353
1350	0.971314150216668
1351	0.9705123514512914
1352	0.9697623404165691
1353	0.9745909366410724
1354	0.9791007846553303
1355	0.9761740984169791
1356	0.9734332379636619
1357	0.974966127239666
1358	0.9763995461141727
1359	0.9728570453171617
1360	0.969537877220839
1361	0.9710252960576528
1362	0.972416248847675
1363	0.9728396448645676
1364	0.9732354637016312
1365	0.970516968576814
1366	0.9679706987717238
1367	0.9749012913866297
1368	0.9813698860338956
1369	0.9778364601166389
1370	0.9745269934642237
1371	0.9756497007574485
1372	0.9766994634000309
1373	0.9738005394930123
1374	0.9710855822218418
1375	0.9759162657950964
1376	0.9804278685134018
1377	0.9843368905316278
1378	0.9879876662816394
1379	0.9898303992052047
1380	0.9915522559823259
1381	0.9924255745636004
1382	0.993241808196035
1383	0.9953727882054132
1384	0.9973631455063833
1385	0.9946245533020182
1386	0.9920620516377625
1387	0.988435092948648
1388	0.9850389002651307
1389	0.9843985696497999
1390	0.9837996371685446
1391	0.983855817124511
1392	0.9839083808287031
1393	0.986386394575051
1394	0.9887015376253058
1395	0.9855787137262669
1396	0.9826544840697189
1397	0.9823855332525218
1398	0.982133866762529
1399	0.9861931693471423
1400	0.9899839255964058
1401	0.9915129665075636
1402	0.992942039668417
1403	0.998076255844114
1404	1.0028667981866601
1405	1.0008089180921989
1406	0.9988838648339525
1407	1.0023559886079154
1408	1.0055969858065397
1409	1.0075590685923779
1410	1.009391140797339
1411	1.0027675769510762
1412	0.9965621580529958
1413	0.9904364220889368
1414	0.9846962579555191
1415	0.9834714571064341
1416	0.98232514685339
1417	0.9812634550027692
1418	0.9802697923600556
1419	0.9751566103843287
1420	0.9703641520513436
1421	0.9731166960421417
1422	0.97568973834905
1423	0.980080702239042
1424	0.9841817466897458
1425	0.9825721929081825
1426	0.9810660219596651
1427	0.9793060312597685
1428	0.9776589141155476
1429	0.9710409208735112
1430	0.9648352244214085
1431	0.9680370020728737
1432	0.9710301275780572
1433	0.9586406898859245
1434	0.9469954537263147
1435	0.945030354517324
1436	0.9431887037807787
1437	0.9457184860260419
1438	0.9480857630161472
1439	0.9479458892150594
1440	0.9478147623924805
1441	0.9503566645340938
1442	0.9527351325966418
1443	0.9545723923326643
1444	0.9562916821484312
1445	0.9538211688441554
1446	0.9515060616226587
1447	0.953493057071265
1448	0.9553521078537763
1449	0.960568961485525
1450	0.9654438211847541
1451	0.9636320656490798
1452	0.9619350751005772
1453	0.9636394700809783
1454	0.9652338095236901
1455	0.966601646760073
1456	0.9678811575654536
1457	0.9656579509015392
1458	0.9635758828933075
1459	0.9605693970353681
1460	0.957752347814851
1461	0.9528439983713358
1462	0.9482409931157629
1463	0.947897379260848
1464	0.9475755945648122
1465	0.9498598295540006
1466	0.9519972712059428
1467	0.9541466765093995
1468	0.9561575246665812
1469	0.9574140921920078
1470	0.9585898986863897
1471	0.9583848335219701
1472	0.9581930299384976
1473	0.9594987318899133
1474	0.9607203394624722
1475	0.9601584214340164
1476	0.9596324282390833
1477	0.9520206195964035
1478	0.9448763047665925
1479	0.9465263530579601
1480	0.9480708703730152
1481	0.9528679812437509
1482	0.9573526611550613
1483	0.9500144144210226
1484	0.9431267591053916
1485	0.9408795378145579
1486	0.9387732400655432
1487	0.9452109937507863
1488	0.9512287846307473
1489	0.9544906571305043
1490	0.9575413116145596
1491	0.9642556050949184
1492	0.9705254326936573
1493	0.9707476130899757
1494	0.97095563770358
1495	0.9656678847133621
1496	0.9607107765038956
1497	0.9568463789637588
1498	0.9532242799813262
1499	0.9517791186804512
1500	0.9504252935123693
1501	0.9518609369129719
1502	0.9532047818862104
1503	0.9546628432765515
1504	0.9560270983798257
1505	0.9600503094399553
1506	0.9638113050582094
1507	0.9608664842139779
1508	0.9581070892683018
1509	0.9568947135521724
1510	0.9557593317068098
1511	0.9571689610527421
1512	0.9584881143528066
1513	0.9609389497390453
1514	0.9632310836916074
1515	0.9629295072156313
1516	0.9626472711091921
1517	0.9670897326309701
1518	0.9712409183667979
1519	0.9672522587334068
1520	0.9635144527371875
1521	0.9638451559480141
1522	0.9641546457251701
1523	0.9683056673033409
1524	0.9721845485287586
1525	0.974638028582046
1526	0.976931326046747
1527	0.9772997061318498
1528	0.9776441688072969
1529	0.9815493236378007
1530	0.9851969741642379
1531	0.9848448431913136
1532	0.9845154504637813
1533	0.9811264369597368
1534	0.9779529158788757
1535	0.979062776504056
1536	0.9801005547132013
1537	0.9840752858382261
1538	0.9877872610292789
1539	0.9879123293574499
1540	0.9880292969495671
1541	0.9840894971364686
1542	0.9803991038234406
1543	0.9838442171751915
1544	0.9870621901099275
1545	0.9829326653268935
1546	0.9790652715526195
1547	0.9820613960457589
1548	0.9848606655703966
1549	0.9873683811726116
1550	0.9897112771120217
1551	0.9926989482820013
1552	0.99548910033809
1553	0.9977165405600574
1554	0.9997968689659175
1555	1.001035297610221
1556	1.0021922423237997
1557	1.0032403302262682
1558	1.0042196046608505
1559	1.0032774423053834
1560	1.002396873252044
1561	1.0001922803403336
1562	0.9981302993758621
1563	0.9979277566692861
1564	0.9977383577712479
1565	1.002329836614601
1566	1.006613758024945
1567	1.0062921174302735
1568	1.00599139943713
1569	0.9982603277540095
1570	0.9910139896927038
1571	0.9935256776198127
1572	0.9958716180488372
1573	0.9988716736427286
1574	1.0016727472254217
1575	1.0001171397638045
1576	0.9986622053454446
1577	0.9997271245141084
1578	1.0007222569336813
1579	0.999537552554508
1580	0.9984300702233034
1581	1.0004505272415007
1582	1.0023374535425913
1583	1.002963638846024
1584	1.0035487254842859
1585	0.9991507999804241
1586	0.9950337706607663
1587	0.9890975947031404
1588	0.9835352405744394
1589	0.9836754374243475
1590	0.9838063896023682
1591	0.9834254515334687
1592	0.9830689947033989
1593	0.9829191631591301
1594	0.9827789815947731
1595	0.9863795603166661
1596	0.9897422554599697
1597	0.9877880441659979
1598	0.9859592823214154
1599	0.9886808213021482
1600	0.9912231407561941
1601	0.987855619931332
1602	0.9847030154842755
1603	0.9850701195522255
1604	0.9854135704385198
1605	0.9855723622973804
1606	0.9857207288014647
1607	0.9845112237613783
1608	0.9833796598887368
1609	0.9842424456852265
1610	0.985049294514468
1611	0.9855112033882493
1612	0.9859431259703282
1613	0.9921332614915183
1614	0.9979077275439558
1615	0.998827412456321
1616	0.9996864296010123
1617	1.001592089341229
1618	1.0033717903171577
1619	1.004390416561103
1620	1.005342058075656
1621	1.0084494351259896
1622	1.0113495857625763
1623	1.006669761299929
1624	1.0022897210666235
1625	1.0031190833449988
1626	1.0038942181195454
1627	1.0037323334861614
1628	1.0035808910358448
1629	1.0071206087595244
1630	1.0104237586710816
1631	1.0054684378039276
1632	1.0008295753100762
1633	1.0032391572736876
1634	1.005488982073787
1635	1.0025047901993553
1636	0.9997124734246862
1637	1.0024728657826902
1638	1.0050500373126854
1639	1.0044096965432687
1640	1.0038108277769813
1641	1.005347067316364
1642	1.0067818054835913
1643	1.0044016603231716
1644	1.002175277988482
1645	0.9994611759679378
1646	0.9969221785408069
1647	0.9964078527610912
1648	0.9959269981833441
1649	0.9882367878730682
1650	0.981026767453363
1651	0.9793333981245899
1652	0.9777483873555193
1653	0.9811510042360762
1654	0.9843296647151762
1655	0.991006119277236
1656	0.9972332095940561
1657	0.9976395868499291
1658	0.9980195113970577
1659	1.0021767715294434
1660	1.00605617604525
1661	1.00561625266112
1662	1.0052047616280801
1663	1.0040985077756646
1664	1.003064131244171
1665	1.0007480798361583
1666	0.9985818076871393
1667	0.9950137897864645
1668	0.9916743991029946
1669	0.9924575651263425
1670	0.9931896030597268
1671	0.9961895913881955
1672	0.9989907116628394
1673	1.0013195307696947
1674	1.0034940677982676
1675	0.9999085418266387
1676	0.9965531550624397
1677	0.9878275029423004
1678	0.9796436690469664
1679	0.9747597830745798
1680	0.9701832757903119
1681	0.9659213061074009
1682	0.9619273314936446
1683	0.9619713714270649
1684	0.9620124980291723
1685	0.9610436690101257
1686	0.960136380302633
1687	0.9622288079331137
1688	0.9641858643945219
1689	0.963893004541359
1690	0.9636189241504209
1691	0.9621887094628687
1692	0.9608495569920321
1693	0.9624733101354833
1694	0.9639920086055236
1695	0.9663867760797938
1696	0.9686260188098103
1697	0.9733562798052718
1698	0.9777744797262793
1699	0.9753469386557722
1700	0.9730738773699403
1701	0.9712220148037883
1702	0.9694881240387808
1703	0.9729797329294307
1704	0.9762424576685963
1705	0.9724691363923298
1706	0.9689339749318292
1707	0.972663133985761
1708	0.9761477571806914
1709	0.9729859232413337
1710	0.9700248787585287
1711	0.970753795089347
1712	0.971435583794061
1713	0.9694471890228444
1714	0.9675854970140471
1715	0.965732772171001
1716	0.9639977081290828
1717	0.9595611220260893
1718	0.9554023204554238
1719	0.9576985399083484
1720	0.9598463944734501
1721	0.9664762697724235
1722	0.972667149525107
1723	0.9663268245122383
1724	0.9603809655433168
1725	0.9613030016180945
1726	0.9621656347383215
1727	0.9575461392699266
1728	0.9532149813653651
1729	0.9543842680262361
1730	0.9554783897515825
1731	0.9616887829895044
1732	0.9674895666399937
1733	0.9671911035727663
1734	0.9669117512885216
1735	0.96530586471444
1736	0.963802276462486
1737	0.9675643351588492
1738	0.9710803430524125
1739	0.9693381035753931
1740	0.9677070762834519
1741	0.9685827961063415
1742	0.9694019935050827
1743	0.9655229726525745
1744	0.9618880332178329
1745	0.959243298132564
1746	0.9567653799645146
1747	0.9636877488414477
1748	0.9701518703736551
1749	0.9715689814127055
1750	0.9728942234933432
1751	0.9718727164954918
1752	0.970916814581313
1753	0.970402270224184
1754	0.9699206248458507
1755	0.9706048730169188
1756	0.9712448222565282
1757	0.977073034755085
1758	0.9825139392275126
1759	0.9826031985996038
1760	0.9826865549142754
1761	0.9819331670180704
1762	0.981228343578636
1763	0.9842326154583119
1764	0.9870390190858532
1765	0.9882568366372194
1766	0.9893948736740017
1767	0.9833904120235639
1768	0.9777637929528514
1769	0.978163001586847
1770	0.9785363758557624
1771	0.9772697285368998
1772	0.9760842911756952
1773	0.9772541091342756
1774	0.978347888403035
1775	0.9859984735636096
1776	0.9931332076762357
1777	0.99243030624696
1778	0.9917728787616098
1779	0.9841612132199183
1780	0.9770239978079593
1781	0.9803877282215822
1782	0.9835300555589219
1783	0.9840619435975049
1784	0.9845591611664777
1785	0.9823684757678989
1786	0.9803179913292377
1787	0.9767967596478438
1788	0.9734986469224387
1789	0.9793906124456676
1790	0.98489025477347
1791	0.9816674021565612
1792	0.9786501219781795
1793	0.9731090290772871
1794	0.9679152076132571
1795	0.9689102641165583
1796	0.9698409474086274
1797	0.9754742760016973
1798	0.9807337751979561
1799	0.9866724791866336
1800	0.9922140075221629
1801	0.9923601420132103
1802	0.992496668932202
1803	0.9956282355206704
1804	0.9985520823969452
1805	0.9963707242965075
1806	0.9943301678387584
1807	0.9957394358159907
1808	0.9970560902759497
1809	0.9940155885243551
1810	0.9911702230552971
1811	0.9896866155199484
1812	0.9882984977701404
1813	0.9886820723201378
1814	0.9890405476763873
1815	0.9865655210344814
1816	0.984249163181137
1817	0.9838355647449772
1818	0.9834486824365916
1819	0.9808055824965707
1820	0.9783312375461926
1821	0.9832358016953352
1822	0.987814798387032
1823	0.9881836002627129
1824	0.9885284228000927
1825	0.9829594998932439
1826	0.9777411955895774
1827	0.9720725887360661
1828	0.9667594398165199
1829	0.9653883253215064
1830	0.9641046891565125
1831	0.967148593360402
1832	0.9699941203418206
1833	0.9648644605741352
1834	0.960055975604482
1835	0.9555536321968279
1836	0.9513325168991906
1837	0.9521419671560547
1838	0.9528996044558183
1839	0.9535678031644217
1840	0.954193253478781
1841	0.9558395547446249
1842	0.9573799949670477
1843	0.9558534100410491
1844	0.9544236638854718
1845	0.956328006009402
1846	0.9581097141179938
1847	0.9575936112375715
1848	0.9571104003058583
1849	0.952580342149188
1850	0.9483326774223936
1851	0.9456134819423172
1852	0.9430648517979388
1853	0.9478413721444356
1854	0.9523076980167807
1855	0.9522152413741327
1856	0.9521286110279199
1857	0.9604864938590632
1858	0.9682881257835007
1859	0.9669369272082231
1860	0.9656720014409598
1861	0.962149138830942
1862	0.958848276963851
1863	0.9527111180699348
1864	0.9469540080335992
1865	0.950800351106166
1866	0.9543974801798378
1867	0.9604017489304052
1868	0.9660106667546882
1869	0.963862949356303
1870	0.9618515617528687
1871	0.96052390629535
1872	0.9592806551849578
1873	0.9620357880570988
1874	0.9646120078253265
1875	0.9631314211711737
1876	0.9617451576759735
1877	0.9555727158447014
1878	0.9497828323804192
1879	0.9518893356000848
1880	0.9538603682191508
1881	0.9522792265326298
1882	0.9507980059489106
1883	0.9518891255746208
1884	0.952910390611185
1885	0.953799029271203
1886	0.9546307573424422
1887	0.9572112292379201
1888	0.9596247213351995
1889	0.955976203265101
1890	0.9525564602400606
1891	0.9553146506263331
1892	0.9578943418659639
1893	0.9598869437632976
1894	0.9617506633297788
1895	0.9571019033178902
1896	0.9527437163409528
1897	0.9495010658568251
1898	0.9464614845225173
1899	0.9488772613462038
1900	0.9511374590670085
1901	0.9462155381334373
1902	0.9415989189725774
1903	0.947515036712713
1904	0.9530445238021646
1905	0.9500580760427519
1906	0.9472591681717383
1907	0.9479304150606336
1908	0.9485588955780956
1909	0.9527725662905132
1910	0.9567121253678051
1911	0.9587834913702299
1912	0.9607209201335554
1913	0.9606487154407702
1914	0.9605810289821586
1915	0.9656840940029624
1916	0.9704511961965745
1917	0.9637378275380755
1918	0.9574412295288873
1919	0.95841712280086
1920	0.9593302868975846
1921	0.9573613303162741
1922	0.9555169923905286
1923	0.9604420400669395
1924	0.9650439838417904
1925	0.9665904232855164
1926	0.96803678851349
1927	0.9708216672455292
1928	0.9734246198189146
1929	0.975183520229198
1930	0.9768277836590177
1931	0.9791142245952272
1932	0.9812510128612421
1933	0.9796465576086998
1934	0.9781451254670287
1935	0.9804605144155853
1936	0.9826241190176307
1937	0.9858870798539795
1938	0.9889345040086907
1939	0.9932441294796208
1940	0.9972662299679124
1941	0.9997131808320429
1942	1.001997979593611
1943	1.004142157751104
1944	1.006143999092025
1945	1.0077510309714954
1946	1.0092515755294993
1947	1.0084719202418262
1948	1.007743268130086
1949	1.0083310191209602
1950	1.0088800454906672
1951	1.0103286282269206
1952	1.0116811454010521
1953	1.01260261433055
1954	1.0134630729823157
1955	1.0139555595227332
1956	1.0144154402349999
1957	1.0070293554244236
1958	1.0001101499768215
1959	0.9988347902257723
1960	0.9976422872297634
1961	1.0021296816548895
1962	1.0063162249084616
1963	1.002416772730188
1964	0.9987676561040811
1965	0.9994644451046087
1966	1.0001154133912509
1967	0.9998077237960581
1968	0.9995200521000192
1969	0.9957918279528714
1970	0.9923021953484541
1971	0.986385734045383
1972	0.9808421781063932
1973	0.9806440201984119
1974	0.9804586915939251
1975	0.9861185705467177
1976	0.9914001193533509
1977	0.9902020809837679
1978	0.989081600670486
1979	0.9921715239296265
1980	0.9950568794392931
1981	0.9971160960841863
1982	0.9990392521107746
1983	0.9966108262806315
1984	0.9943389957921074
1985	0.9956486903645069
1986	0.9968722532245529
1987	0.9907444608330186
1988	0.9850036353920196
1989	0.9851623832464629
1990	0.9853108272035823
1991	0.9871569519673297
1992	0.9888818985799815
1993	0.9930025582727472
1994	0.9968487045648515
1995	1.0019997432577274
1996	1.0068043262623203
1997	1.0048749931588192
1998	1.0030710859056866
1999	0.9996783152519183
2000	0.9965037921111128
2001	0.9916935082585838
2002	0.9871891093723357
2003	0.9866076098448832
2004	0.9860637976907239
2005	0.9888080744387983
2006	0.9913710279297696
2007	0.9910295832286811
2008	0.9907102948851295
2009	0.9908731897914471
2010	0.9910254496163547
2011	0.9873228936829441
2012	0.9838566350315295
2013	0.9889401676241777
2014	0.9936839215714238
2015	0.9906589419349754
2016	0.9878281157807961
2017	0.984447272777822
2018	0.981282205795263
2019	0.9807348879822562
2020	0.9802228621469805
2021	0.98147939484994
2022	0.9826540139702313
2023	0.9823741599368133
2024	0.9821124716872454
2025	0.9820539359530185
2026	0.9819992501943711
2027	0.9812851837634643
2028	0.980617225264557
2029	0.9785181290553444
2030	0.9765535999808024
2031	0.9807360900673612
2032	0.984641980854267
2033	0.9862980894504231
2034	0.9878454988903268
2035	0.988704594288391
2036	0.9895076244458045
2037	0.9858760191084438
2038	0.9824761524691223
2039	0.9857661146629243
2040	0.9888386858269318
2041	0.9919387333150018
2042	0.9948335997384785
2043	0.993030792417491
2044	0.9913445797794858
2045	0.989426594708757
2046	0.9876322486010644
2047	0.9846062623154956
2048	0.9817738182069126
2049	0.9855940868058448
2050	0.9891614220903173
2051	0.9893805645853301
2052	0.9895854802681392
2053	0.9954268067433609
2054	1.000875260406507
2055	1.0030125074635734
2056	1.0050077505131212
2057	1.006713331553265
2058	1.0083058443578006
2059	1.0088622832183423
2060	1.0093820696238953
2061	1.0134282936903718
2062	1.0172021009127568
2063	1.0146840671211694
2064	1.0123299605856009
2065	1.0145715776647233
2066	1.0166635746872767
2067	1.0212188052282047
2068	1.0254653057910263
2069	1.0195518923285738
2070	1.0140174048913198
2071	1.0092259316172618
2072	1.004741982594368
2073	1.0080051520156006
2074	1.0110501106112788
2075	1.0095077912510522
2076	1.0080660170848803
2077	1.0143015486845488
2078	1.0201123944309587
2079	1.0285349706182414
2080	1.0363724045849387
2081	1.0314145754181716
2082	1.0267779988429082
2083	1.0198279528925354
2084	1.0133208056005232
2085	1.0143353130224602
2086	1.0152824901419861
2087	1.0185135213216427
2088	1.0215272970040754
2089	1.0192459521788453
2090	1.0171138758279905
2091	1.0184342683058558
2092	1.0196667171925975
2093	1.0211556628517169
2094	1.0225452434359772
2095	1.015828609341704
2096	1.0095395936604528
2097	1.0048260878775936
2098	1.0004145716804684
2099	0.9957157658428278
2100	0.9913165880417724
2101	0.9870868610332811
2102	0.983126067361249
2103	0.9845373015399435
2104	0.9858562132365911
2105	0.9880212546337875
2106	0.9900437012440069
2107	0.9905523091080031
2108	0.9910278661619455
2109	0.9891490350906049
2110	0.9873914989479947
2111	0.990946496527252
2112	0.9942657232039588
2113	0.9951210729412624
2114	0.9959197894097166
2115	0.9926917709198875
2116	0.9896708227601845
2117	0.9877927736917987
2118	0.9860358403094345
2119	0.9917915729439744
2120	0.9971610463388135
2121	0.9967531959998206
2122	0.996371554109087
2123	0.9966400846751582
2124	0.9968908532376204
2125	0.998032741581055
2126	0.9990994838261817
2127	0.9944042909861471
2128	0.9900084517394105
2129	0.987630068711166
2130	0.9854046305697111
2131	0.9871734943270645
2132	0.9888261440609816
2133	0.9926371819876214
2134	0.9961948938513662
2135	0.9992712774138504
2136	1.0021429438400535
2137	0.9982145635658655
2138	0.994538244024491
2139	0.997843159286803
2140	1.0009276988157827
2141	1.0013001150135283
2142	1.0016478913669897
2143	1.0000858896701716
2144	0.9986252728961429
2145	0.9993211031818818
2146	0.999971299142147
2147	0.994843389670969
2148	0.990041212760016
2149	0.993492041940256
2150	0.9967139194252628
2151	0.996407935146606
2152	0.9961216067816611
2153	0.9963650805172461
2154	0.9965927951413676
2155	0.9959070629621681
2156	0.9952659433917036
2157	0.9933590013074576
2158	0.9915751799936373
2159	0.9915944242752007
2160	0.9916123037116596
2161	0.9918610569545262
2162	0.9920935210615875
2163	0.9935660933886539
2164	0.9949416731683688
2165	0.9909816580813514
2166	0.9872745939706996
2167	0.9925098931798354
2168	0.9973945091012738
2169	0.9962685559434354
2170	0.9952157725656774
2171	0.9984091951828032
2172	1.0013901508726957
2173	1.0003988076974208
2174	0.9994722964673937
2175	1.003667042173655
2176	1.007580533787914
2177	1.0012342222122645
2178	0.9952898788538158
2179	0.9947773317023902
2180	0.9942979735977091
2181	0.9951600801504124
2182	0.9959657447032734
2183	0.9934475353173928
2184	0.9910915173949968
2185	0.9940600639275268
2186	0.9968320140253536
2187	0.9990936876231725
2188	1.0012056743619462
2189	1.0050307520221664
2190	1.0086001649597836
2191	1.0097559508033767
2192	1.0108345210968952
2193	1.0173590150067828
2194	1.0234380297307657
2195	1.0221987553503775
2196	1.0210401373917133
2197	1.0247920442655865
2198	1.0282894421782423
2199	1.0265527172108395
2200	1.024930297557377
2201	1.0207180143970174
2202	1.0167785520753374
2203	1.0222740184282932
2204	1.0273943305461564
2205	1.0251319026844812
2206	1.023017696288206
2207	1.0195768092503557
2208	1.0163591178833837
2209	1.015358033787841
2210	1.014422921659296
2211	1.0112068870046471
2212	1.0081991817070926
2213	1.0088901129543746
2214	1.009535587528246
2215	1.0135613521263191
2216	1.0173157478984738
2217	1.0187440271985748
2218	1.0200770923063247
2219	1.0159535864805547
2220	1.0120965376437796
2221	1.0133285802661083
2222	1.0144785103598106
2223	1.0139618051355854
2224	1.0134789488548615
2225	1.0209792660720594
2226	1.0279638898981935
2227	1.0220740816134977
2228	1.0165621020404008
2229	1.0187856195531777
2230	1.0208604232914915
2231	1.01863331346379
2232	1.0165514930001929
2233	1.0128697277229248
2234	1.0094259503788343
2235	1.006401846453529
2236	1.0035730809883971
2237	1.005484740545135
2238	1.007269576676752
2239	1.0081446035803203
2240	1.0089616597495759
2241	1.0095855625594128
2242	1.0101680137360955
2243	1.0121028610853076
2244	1.0139085040379274
2245	1.0109511413536145
2246	1.0081851330787173
2247	1.0080925993967829
2248	1.0080059597601319
2249	1.0069577766522588
2250	1.0059781421945506
2251	1.0115437740948297
2252	1.0167321721819416
2253	1.01464964400218
2254	1.0127027801680153
2255	1.0090298361945544
2256	1.0055937081868433
2257	1.0032118558118055
2258	1.0009841515685196
2259	1.0009954738347475
2260	1.0010059685134831
2261	0.9935545998279145
2262	0.986571463533239
2263	0.9883458312232497
2264	0.9900035660112906
2265	0.9846584926249988
2266	0.9796514095743704
2267	0.9795734266475343
2268	0.9795005737800218
2269	0.9745053366862768
2270	0.9698248373786593
2271	0.9702111130112869
2272	0.9705724550751587
2273	0.9686541033278736
2274	0.9668579696409593
2275	0.9623133784476791
2276	0.9580542555176851
2277	0.9624720383931769
2278	0.9666003934786667
2279	0.9664993770005001
2280	0.9664049526175974
2281	0.9687387072506045
2282	0.9709203751855449
2283	0.969584944562799
2284	0.9683350399502596
2285	0.9671821491614188
2286	0.9661031894872225
2287	0.9694071859015397
2288	0.972494933989341
2289	0.9733452236261928
2290	0.9741401661161171
2291	0.9764929545058649
2292	0.9786916026495059
2293	0.9792392742717834
2294	0.9797514733331868
2295	0.9819113145015658
2296	0.9839295508732949
2297	0.9862873312932003
2298	0.9884901560237916
2299	0.9832979458261232
2300	0.9784338808042679
2301	0.9777690662557513
2302	0.9771471901015738
2303	0.9820458201629793
2304	0.9866186940352312
2305	0.9873281915386384
2306	0.9879911811268021
2307	0.9884862751964673
2308	0.9889490457660609
2309	0.9862943957258987
2310	0.9838096904827051
2311	0.9869415723614422
2312	0.9898666454831218
2313	0.9876847899271467
2314	0.9856433786205281
2315	0.987024892271915
2316	0.9883158402517203
2317	0.9869126473212494
2318	0.9856001313704689
2319	0.9876836926452954
2320	0.9896303533443813
2321	0.9847979872330745
2322	0.9802720867938959
2323	0.9787481355488216
2324	0.9773222068482
2325	0.9783847924541744
2326	0.9793782958739446
2327	0.9784683048037958
2328	0.9776169430001205
2329	0.982076079314962
2330	0.9862392624109448
2331	0.9833195128494749
2332	0.9805864552467769
2333	0.9760795567803316
2334	0.9718573875525776
2335	0.9787233628105703
2336	0.9851295294564575
2337	0.9831035577131356
2338	0.9812075165039364
2339	0.9831293023610529
2340	0.9849252957885316
2341	0.9811888991275638
2342	0.9776902561968293
2343	0.978659344525162
2344	0.9795652746817923
2345	0.9824665282127683
2346	0.9851765051411304
2347	0.9843870628182342
2348	0.9836485424426497
2349	0.983984683223321
2350	0.984298682790098
2351	0.9888335154441861
2352	0.9930664022766459
2353	0.9966498220864445
2354	0.9999946452223945
2355	1.0053968592368399
2356	1.0104337856900991
2357	1.0100988896719318
2358	1.0097860191029642
2359	1.0065979642974219
2360	1.0036159409768481
2361	1.0013775561844873
2362	0.9992841615903211
2363	0.9995151668378415
2364	0.999731130690595
2365	1.0016167822126842
2366	1.0033775471226658
2367	1.0016069066078486
2368	0.9999509014352598
2369	1.004237364922109
2370	1.0082360787294853
2371	1.0035323150652706
2372	0.9991299254852972
2373	0.9966063273631524
2374	0.9942456137855159
2375	0.9906488335778624
2376	0.9872821562576763
2377	0.9929130399602714
2378	0.9981660675478944
2379	0.9923369431668703
2380	0.9868769045231015
2381	0.9846066749757548
2382	0.9824822139440181
2383	0.9860459944429433
2384	0.9893737979350211
2385	0.988854824178715
2386	0.9883695776761833
2387	0.9888810990974536
2388	0.9893589599823157
2389	0.9921717846037725
2390	0.9947985150072812
2391	0.9916645135018665
2392	0.9887313178857482
2393	0.9904774826907758
2394	0.9921087322272574
2395	0.9925804827269915
2396	0.9930214502729641
2397	0.9953655036289856
2398	0.99755475042844
2399	0.9930130523355634
2400	0.9887608071123615
2401	0.9884451363112615
2402	0.9881501122448438
2403	0.9827217412802645
2404	0.97763572577041
2405	0.9712775410071163
2406	0.9653158918097517
2407	0.9729545537897795
2408	0.9800818927912968
2409	0.9842574475666435
2410	0.9881558678108345
2411	0.9917087525955001
2412	0.9950255689855764
2413	0.9960687780381893
2414	0.9970433291865275
2415	0.9958428071115366
2416	0.9947204038235635
2417	0.9996617951228676
2418	1.0042709846533517
2419	1.0096043591777764
2420	1.0145769199708088
2421	1.0142753500623982
2422	1.0139936428605167
2423	1.0171001484600595
2424	1.0199980226407441
2425	1.020664618124792
2426	1.0212870844389574
2427	1.0169186574485278
2428	1.0128326034238935
2429	1.0170339307177763
2430	1.0209516840965778
2431	1.0158400404916597
2432	1.0110564966863478
2433	1.0120945886119626
2434	1.0130639212524168
2435	1.0061748833793789
2436	0.9997220030774899
2437	1.0053207549129624
2438	1.0105405605951603
2439	1.0078278365300608
2440	1.0052909533765795
2441	1.0084432546874613
2442	1.0113849513726212
2443	1.007030736681627
2444	1.0029561927483401
2445	1.0059802658951749
2446	1.0088027436525597
2447	1.0076467118203989
2448	1.00656633011933
2449	1.001519456128923
2450	0.9967938189311575
2451	1.0042333935953198
2452	1.011165445240542
2453	1.0082325667237269
2454	1.005489764193004
2455	1.003475559107705
2456	1.0015918255555205
2457	1.0053728780565387
2458	1.008900827048927
2459	1.0091741596509776
2460	1.0094296528410684
2461	1.006610761554807
2462	1.003974563280687
2463	1.0102290335238595
2464	1.0160574260946331
2465	1.018133269594758
2466	1.0200700129240354
2467	1.015599546380116
2468	1.0114176044583847
2469	1.0095053231030093
2470	1.0077177793344219
2471	1.0102826799021876
2472	1.0126761943769687
2473	1.013660525030903
2474	1.0145790946152273
2475	1.0120652697345733
2476	1.0097149201800226
2477	1.0121093301061725
2478	1.0143443464785558
2479	1.015470029460231
2480	1.0165205096703587
2481	1.0174962249380477
2482	1.0184067908795003
2483	1.0083569483257608
2484	0.9989343613498773
2485	1.0106332566001444
2486	1.0215135227042416
2487	1.022860088507755
2488	1.0241169966573493
2489	1.026890364231158
2490	1.0294769053673771
2491	1.0324117216447293
2492	1.0351475892645452
2493	1.0351617451684914
2494	1.0351753204945324
2495	1.0306005331297037
2496	1.0263227313200882
2497	1.0172581870300086
2498	1.0087638586593286
2499	1.0125285613756283
2500	1.0160387983725612
2501	1.017221525271055
2502	1.0183257968966695
2503	1.0158264571299784
2504	1.0134894219022939
2505	1.0107410913306059
2506	1.0081712098232039
2507	1.0067952386456462
2508	1.0055091277199788
2509	1.0034932270037726
2510	1.0016082732608727
2511	0.9998897912512571
2512	0.9982831557743554
2513	0.9965697631285161
2514	0.9949676275218899
2515	0.9963686836568983
2516	0.9976772932394875
2517	0.9911090355479326
2518	0.9849541506333436
2519	0.9857678225758919
2520	0.9865280021255792
2521	0.9840709088249843
2522	0.9817706726945591
2523	0.980319213874071
2524	0.9789612649690963
2525	0.9787535738496614
2526	0.9785594352200249
2527	0.9777441122745418
2528	0.9769813950380973
2529	0.9740188725829605
2530	0.971245352727267
2531	0.9741492403591819
2532	0.9768622283873895
2533	0.9817123644095631
2534	0.9862398445274264
2535	0.9866424985472517
2536	0.987018881406251
2537	0.9844849981201463
2538	0.9821134400156333
2539	0.9827508942522466
2540	0.9833468868702295
2541	0.9846512182222965
2542	0.9858705018823426
2543	0.9856456364142681
2544	0.9854355589952838
2545	0.9883789963571574
2546	0.9911280801222256
2547	0.9911497311058539
2548	0.9911698615962361
2549	0.9940206727973048
2550	0.9966828496848441
2551	0.9898672424232282
2552	0.9834808570988394
2553	0.9852148233810498
2554	0.9868350278329121
2555	0.9933651351793047
2556	0.9994549547634944
2557	0.9969275806769654
2558	0.9945634244510021
2559	0.9946727860910982
2560	0.9947747105920931
2561	0.9986788844433133
2562	1.0023210728789933
2563	1.0000539152067294
2564	0.9979334279357146
2565	0.9954415316678297
2566	0.993110551957934
2567	0.9918575522656558
2568	0.9906857676055857
2569	0.989985963646845
2570	0.9893318532373901
2571	0.9863695840972585
2572	0.9835968613303859
2573	0.9797915264530523
2574	0.9762281375052537
2575	0.9762033930875074
2576	0.9761798088718087
2577	0.969572870251775
2578	0.9633781607450127
2579	0.9712027131752792
2580	0.9785025781116767
2581	0.9756038918270287
2582	0.9728901099957847
2583	0.9750054178426302
2584	0.9769827209706928
2585	0.9787287021253812
2586	0.9803605198158215
2587	0.9836535841995881
2588	0.9867294288638877
2589	0.9852420930504666
2590	0.9838501220118266
2591	0.9877670887663802
2592	0.99142427370213
2593	0.9954003941756956
2594	0.9991115811734735
2595	1.0035923785720473
2596	1.0077718896035956
2597	1.0012240984855596
2598	0.995090882101822
2599	0.9953714924754985
2600	0.9956330840340094
2601	0.9953474615834818
2602	0.9950804003787994
2603	0.9993077283357679
2604	1.0032515351121762
2605	1.0060291655359204
2606	1.0086215013187105
2607	1.0094127709494394
2608	1.0101517863113572
2609	1.0118662026434946
2610	1.0134665225693862
2611	1.018486434693924
2612	1.0231655413766252
2613	1.0211838491761474
2614	1.019332007415971
2615	1.016101397710329
2616	1.0130798779203092
2617	1.0146415311190728
2618	1.0160989348333003
2619	1.0165066165481773
2620	1.0168873096994122
2621	1.017659899686299
2622	1.0183807336410744
2623	1.0145593238166435
2624	1.0109852034871185
2625	1.0089883449423305
2626	1.0071216169793331
2627	1.008990064016846
2628	1.0107339078953104
2629	1.0134214686661889
2630	1.015928888132274
2631	1.014299632878248
2632	1.0127770333351023
2633	1.0098655552685771
2634	1.0071427580229182
2635	0.9991811503912837
2636	0.9917199348577811
2637	0.9944808087678468
2638	0.9970587962527712
2639	1.005875177666778
2640	1.0140853997230133
2641	1.015884222543957
2642	1.0175630898519394
2643	1.0217285815723798
2644	1.0256114568812624
2645	1.0286173827010676
2646	1.0314202246225872
2647	1.0280271355628572
2648	1.0248555215002046
2649	1.024757168606653
2650	1.0246652948892665
2651	1.0240976688755692
2652	1.0235676561974594
2653	1.0254537011554523
2654	1.0272132932212923
2655	1.0297898362539841
2656	1.03219267663386
2657	1.0275773246360855
2658	1.0232609034772042
2659	1.0169619551498992
2660	1.0110652003308438
2661	1.0131906211646144
2662	1.01517389980081
2663	1.0115572509747912
2664	1.008174510651683
2665	1.0056315745549513
2666	1.0032535957118913
2667	1.0033629279248661
2668	1.0034651041425793
2669	1.0022232410038143
2670	1.0010621333526055
2671	1.0031731610005608
2672	1.005143936464702
2673	1.0062915828876429
2674	1.0073632854127426
2675	1.004078833610519
2676	1.001006112623972
2677	1.004048440941458
2678	1.0068878645275245
2679	1.007168465320839
2680	1.0074303962598605
2681	1.0123425665486292
2682	1.0169225288949761
2683	1.0163253874442726
2684	1.015767741037039
2685	1.015134457160012
2686	1.014543009599033
2687	1.0090292349832701
2688	1.0038677500439643
2689	1.0108489945132777
2690	1.0173533635066225
2691	1.016785920090608
2692	1.0162556454751352
2693	1.0160887130854084
2694	1.0159328910694494
2695	1.0218304558079003
2696	1.0273250746839127
2697	1.0251052606360158
2698	1.0230310535461862
2699	1.0225848535308184
2700	1.0221682651372392
2701	1.0214920746376392
2702	1.0208608026799968
2703	1.0246483716118413
2704	1.0281786395048673
2705	1.0224051848906637
2706	1.0170028587526787
2707	1.0117984025361724
2708	1.006927652661082
2709	1.0042766335381883
2710	1.001797330625379
2711	1.004201645449902
2712	1.0064459819753468
2713	1.0084348587245955
2714	1.0102915916334954
2715	1.0117252504057141
2716	1.013063573650773
2717	1.017653904007354
2718	1.021932922213895
2719	1.02656367379538
2720	1.0308791459962812
2721	1.0287502574926144
2722	1.0267611680153046
2723	1.025880746082581
2724	1.0250584303813348
2725	1.026056783774553
2726	1.0269887311740795
2727	1.0264168259838145
2728	1.0258828449680146
2729	1.0177513147039599
2730	1.0101342441119752
2731	1.0076059148964986
2732	1.005241828605351
2733	1.0062430352886027
2734	1.007178233695721
2735	1.0142934076980565
2736	1.0209211409186774
2737	1.0215599806530544
2738	1.0221560576850686
2739	1.0264459656222795
2740	1.0304441550928531
2741	1.0303544627694567
2742	1.0302706166354603
2743	1.0222484317861007
2744	1.014735572262688
2745	1.0157058016904947
2746	1.016611488668946
2747	1.0153518269305912
2748	1.014174942324483
2749	1.0152086036880397
2750	1.016173537912737
2751	1.013236331921637
2752	1.0104898499918729
2753	1.0051377766783804
2754	1.000127695415121
2755	1.0014051792604652
2756	1.0025984408875712
2757	0.996634895397173
2758	0.9910495122786195
2759	0.9948834222031445
2760	0.9984620542614147
2761	1.0075270787744837
2762	1.015966849627299
2763	1.0147864221356477
2764	1.0136834698918942
2765	1.013496872409257
2766	1.0133225026176635
2767	1.0120843192963611
2768	1.0109271355365446
2769	1.0079892253925504
2770	1.0052417577851036
2771	1.003785048182357
2772	1.0024233399003935
2773	0.9989154256641369
2774	0.9956331185846576
2775	0.997094928746605
2776	0.998460431081489
2777	0.9988096948875403
2778	0.9991361374003375
2779	0.997119105981822
2780	0.9952328941495343
2781	0.9920557857765469
2782	0.989082680049396
2783	0.9951492392190984
2784	1.0008074589743772
2785	1.0035602908166563
2786	1.0061292835217635
2787	1.0045831262033242
2788	1.0031377909955834
2789	1.004121205925015
2790	1.0050399931844227
2791	1.0019978733812867
2792	0.999152630854918
2793	1.0020055898342888
2794	1.0046688879751573
2795	1.0055103874267195
2796	1.006296173407598
2797	1.0081552843903525
2798	1.0098904523861354
2799	1.0126094368419585
2800	1.0151464234205447
2801	1.0117206647381014
2802	1.0085164563061506
2803	1.0063336499271827
2804	1.0042927107299338
2805	1.0005226097748174
2806	0.9969947661289785
2807	0.996570966364218
2808	0.9961747050315308
2809	0.9884495141741594
2810	0.9812074005209805
2811	0.987627832506467
2812	0.9936158069663699
2813	0.9957223682293791
2814	0.9976896394110963
2815	0.9969399501969303
2816	0.9962394277523645
2817	0.9940184355284075
2818	0.991940951118071
2819	0.9924733241212408
2820	0.9929710369498425
2821	0.9933900525459198
2822	0.9937820239129749
2823	0.9950336770772504
2824	0.9962032071776228
2825	1.0008352115377899
2826	1.0051566246987846
2827	1.0062333131151258
2828	1.0072388203508387
2829	1.0086692887258053
2830	1.010005182073856
2831	1.0063722028005497
2832	1.0029737270946228
2833	0.9997670436243205
2834	0.9967672826477003
2835	0.9976002717737861
2836	0.9983785079630636
2837	0.9994632554051153
2838	1.0004760979503102
2839	1.0031607657775068
2840	1.0056661147949788
2841	1.0029340426157898
2842	1.0003788268872997
2843	1.0047899054345022
2844	1.0089036248023289
2845	1.0078369466960155
2846	1.0068401734215182
2847	1.0095991486381777
2848	1.0121742189680365
2849	1.0085328957848356
2850	1.0051260924047858
2851	1.0117221423264784
2852	1.017868167540281
2853	1.018568778391617
2854	1.0192226006000293
2855	1.0089714206750706
2856	0.9993587679590087
2857	0.9981022340329689
2858	0.9969273630407025
2859	0.9977358657284187
2860	0.9984912572621709
2861	1.0008587614313096
2862	1.0030692414852893
2863	1.0038363496633071
2864	1.004552750429258
2865	1.008382011888312
2866	1.0119540437315393
2867	1.0118826627100483
2868	1.0118161484298314
2869	1.0104972247497956
2870	1.0092643663925642
2871	1.0060652832380181
2872	1.0030729140773313
2873	1.0007935641018055
2874	0.99866177612639
2875	0.9961692897486736
2876	0.9938380851904233
2877	0.9933719176047321
2878	0.9929362243163125
2879	0.9987686186559684
2880	1.0042065074780309
2881	1.0030128276944377
2882	1.0018972840386928
2883	0.9969684265472394
2884	0.9923530768721479
2885	0.9998122147184377
2886	1.0067640138419305
2887	1.008556682360763
2888	1.010229771392789
2889	1.011058371019502
2890	1.0118322332846483
2891	1.0082006048349
2892	1.0048032160910179
2893	1.0042106012086447
2894	1.0036565753610436
2895	1.004283335626721
2896	1.0048684077933794
2897	1.0033666811834725
2898	1.0019625083470978
2899	1.006648888894255
2900	1.0110198133613792
2901	1.0078631466361345
2902	1.0049106523588827
2903	1.0073849353851587
2904	1.0096942586501416
2905	1.0124430092409977
2906	1.0150079685062097
2907	1.014048397401436
2908	1.0131519033865035
2909	1.017074390221675
2910	1.0207323336697152
2911	1.0214852725016632
2912	1.0221881591812605
2913	1.0225977396948405
2914	1.0229799774052277
2915	1.0249347177290888
2916	1.026758369576537
2917	1.0310492467350747
2918	1.0350476928711543
2919	1.0304849055978866
2920	1.0262180798486953
2921	1.0251525039602707
2922	1.0241571695630534
2923	1.0188325627265737
2924	1.013850161382023
2925	1.0086926871572988
2926	1.003865474921184
2927	1.0053313417512089
2928	1.006700247212408
2929	1.0100545597850434
2930	1.013183800041623
2931	1.0130058590147784
2932	1.0128396837016076
2933	1.0091937184773625
2934	1.0057831824260588
2935	1.005481149178297
2936	1.005198946065317
2937	1.00342932120557
2938	1.0017748074769786
2939	1.0030098054602727
2940	1.0041631833073807
2941	1.0053782391301247
2942	1.0065127293327951
2943	1.004166646600732
2944	1.001972826990531
2945	1.0030999247783072
2946	1.0041525687495045
2947	1.0004966889977793
2948	0.9970760213614241
2949	0.9999539834336973
2950	1.0026406011520892
2951	1.0048908112205848
2952	1.0069915324850192
2953	1.0062972095724583
2954	1.0056482509990419
2955	1.0131995872654693
2956	1.020232799289742
2957	1.015516669519621
2958	1.011104035925452
2959	1.009183480687053
2960	1.0073881224655352
2961	1.011577544557664
2962	1.015484797846944
2963	1.0174284943235055
2964	1.0192423323820445
2965	1.0179118515160466
2966	1.0166688840758578
2967	1.0120460502444764
2968	1.0077208139633158
2969	1.0043172053778755
2970	1.0011332501546713
2971	1.0040921088517893
2972	1.0068533128980501
2973	1.0028260491766878
2974	0.9990576263311708
2975	0.992589054360607
2976	0.9865288558242282
2977	0.9845447515563477
2978	0.9826883866579043
2979	0.9851442670490489
2980	0.9874388190941428
2981	0.9873091966409203
2982	0.9871880872959018
2983	0.9872507659792753
2984	0.987308759283648
2985	0.9857096929334568
2986	0.98421339277123
2987	0.9831321552690196
2988	0.982120788132309
2989	0.9885117461634352
2990	0.9944727357826479
2991	1.0018927172369934
2992	1.008806981665154
2993	1.0080411746848372
2994	1.0073258029599852
2995	1.0066577691089775
2996	1.0060328240786172
2997	1.008365639730528
2998	1.0105431767482542
2999	1.01198695972212
3000	1.0133348337148353
3001	1.0093215053626021
3002	1.005567051296925
3003	0.9999156252997222
3004	0.9946225587085585
3005	0.9999241143189775
3006	1.0048689654922576
3007	0.9995995068246799
3008	0.9946652331306699
3009	0.997023868706703
3010	0.9992263748282967
3011	0.9993962809300685
3012	0.9995550883112418
3013	1.0027506977717202
3014	1.0057320912475178
3015	1.0126396539780131
3016	1.0190748764985573
3017	1.017971988800476
3018	1.0169415962504256
3019	1.0132172513249886
3020	1.009733798580726
3021	1.003876002739488
3022	0.9983914846429475
3023	0.9965861272561124
3024	0.9948978173371076
3025	0.9890892511381827
3026	0.9836476784646606
3027	0.9854513639494281
3028	0.9871370754813412
3029	0.9838316085122181
3030	0.980737387023954
3031	0.976302374389319
3032	0.9721478905461866
3033	0.9765384323263131
3034	0.9806385554952851
3035	0.9759719259903646
3036	0.9716001708625968
3037	0.9771836873859787
3038	0.9823958072570388
3039	0.9866922671385581
3040	0.9907036939907001
3041	0.9961273480916094
3042	1.001186025148173
3043	0.9958689639537959
3044	0.9908900698947112
3045	0.9903981781594113
3046	0.9899378061254885
3047	0.9953412414331572
3048	1.000381091836931
3049	0.9980981973139398
3050	0.9959629453246818
3051	0.9992877889617634
3052	1.0023911531750134
3053	0.9994154639224329
3054	0.9966318254135553
3055	0.9957499290641647
3056	0.9949253426235158
3057	0.9976135601856327
3058	1.000123180426999
3059	1.000599938580974
3060	1.0010454505788038
3061	0.9996722384152273
3062	0.9983886603740019
3063	0.9953109694570272
3064	0.9924314033059675
3065	0.9906144960860617
3066	0.9889150271857308
3067	0.989046170670367
3068	0.9891687308559568
3069	0.9878659652881563
3070	0.9866470389704483
3071	0.9893070492892972
3072	0.9917914351049689
3073	0.9903843449057956
3074	0.9890683572791846
3075	0.9866211918375808
3076	0.9843313487471733
3077	0.9831492883728233
3078	0.9820430603025826
3079	0.9784239307836526
3080	0.9750351438358772
3081	0.9731031625082704
3082	0.9712948722393129
3083	0.9702072409377732
3084	0.9691892794357148
3085	0.9714768543099486
3086	0.9736151919247834
3087	0.9725884826392076
3088	0.9716273930381131
3089	0.9753632563602374
3090	0.9788535369127963
3091	0.9839379476411518
3092	0.9886834389771517
3093	0.9949389184825039
3094	1.0007726219675053
3095	1.0050311187090382
3096	1.0090037035537986
3097	1.0153452542084163
3098	1.0212535521806108
3099	1.0258425495576131
3100	1.030119653597821
3101	1.0303660091733993
3102	1.0305957773471388
3103	1.033470855476308
3104	1.0361512794642131
3105	1.0296938465671341
3106	1.023651064165371
3107	1.0242991250693267
3108	1.0249040485456362
3109	1.0251550827628306
3110	1.0253899618165034
3111	1.0217240090334454
3112	1.018294354557991
3113	1.0191202021904908
3114	1.0198910377186539
3115	1.0219768185687708
3116	1.023923038388724
3117	1.0273398700345011
3118	1.0305258919671814
3119	1.032531371626185
3120	1.0344019761220458
3121	1.0333250313710458
3122	1.0323192980160243
3123	1.0334806245045969
3124	1.0345637357827406
3125	1.0324947391113664
3126	1.0305621167838375
3127	1.0274708389275489
3128	1.0245816404415284
3129	1.025344915409401
3130	1.0260578589578309
3131	1.0295549594915232
3132	1.0328155875426837
3133	1.0330604560673102
3134	1.0332889394843328
3135	1.0262606045919587
3136	1.0196806715701827
3137	1.0138442085686803
3138	1.0083810164019442
3139	1.0098018590328717
3140	1.011128611133115
3141	1.011523754818364
3142	1.011893231629193
3143	1.0111360712317456
3144	1.0104285610817212
3145	1.0109914108471205
3146	1.0115171966323107
3147	1.0175196041019159
3148	1.0231117190531303
3149	1.0224195923786676
3150	1.0217728060222255
3151	1.024143432401454
3152	1.026354682570983
3153	1.0284056347165762
3154	1.0303184683106579
3155	1.033453538109075
3156	1.0363756828199155
3157	1.0353228893498418
3158	1.0343397828983663
3159	1.0341341685087078
3160	1.0339420526849754
3161	1.0305912548102822
3162	1.0274590532729366
3163	1.0290624074825376
3164	1.0305583280397863
3165	1.0268785608882585
3166	1.0234381581642003
3167	1.0168918007252652
3168	1.0107629713554087
3169	1.0115366939300778
3170	1.0122590942873781
3171	1.0036276797979022
3172	0.9955373249482334
3173	1.0007349011108169
3174	1.0055827574215612
3175	1.0109709504800102
3176	1.0159944637086327
3177	1.0165054894596341
3178	1.0169822449271997
3179	1.0193920365770508
3180	1.0216401249445901
3181	1.0168434799746184
3182	1.0123559319293223
3183	1.012886152556233
3184	1.0133811191956954
3185	1.0174518816877571
3186	1.0212474523702821
3187	1.0226101323287033
3188	1.0238815615973966
3189	1.0238436718183386
3190	1.023808112640714
3191	1.0241849147224873
3192	1.0245366231186688
3193	1.0281574743336317
3194	1.0315330849852653
3195	1.028029119204043
3196	1.0247537059891838
3197	1.0235979630050978
3198	1.0225182435634201
3199	1.019023040508966
3200	1.0157548946666268
3201	1.014674839818308
3202	1.013665665055479
3203	1.0167735023145494
3204	1.0196725604382022
3205	1.012810906803174
3206	1.006385588148952
3207	1.0031398562981646
3208	1.000103610985192
3209	1.0009190788293234
3210	1.0016808878484655
3211	1.0003636967066396
3212	0.9991321992028321
3213	0.9946601643099225
3214	0.9904735879301484
3215	0.9938707465332464
3216	0.997042228125084
3217	0.9984451312991197
3218	0.9997555942555788
3219	0.9963415936338001
3220	0.9931469686924269
3221	0.9993324716544666
3222	1.0050998629447478
3223	1.0079632334927322
3224	1.0106353316790273
3225	1.0115043590467663
3226	1.0123158531323309
3227	1.0113548800639425
3228	1.0104569562198407
3229	1.0105714261220529
3230	1.0106783539968995
3231	1.0144227426222863
3232	1.0179151884484237
3233	1.0166129184909063
3234	1.0153959937796126
3235	1.0163041146245047
3236	1.0171519551550061
3237	1.0146158746630336
3238	1.0122448382616849
3239	1.00425210623634
3240	0.9967625265530983
3241	0.9894484945596558
3242	0.9825932200337786
3243	0.9773091626920135
3244	0.9723579017683686
3245	0.9742582229708634
3246	0.976034678149197
3247	0.9790991308266496
3248	0.9819621033644692
3249	0.9859427603137008
3250	0.9896595704592562
3251	0.9878960066345611
3252	0.9862460511367197
3253	0.9862585977379954
3254	0.9862703296306107
3255	0.9869285805172409
3256	0.9875438907712384
3257	0.9910790814082692
3258	0.994379814314494
3259	0.9982680829073882
3260	1.0018969461848073
3261	1.006973089434942
3262	1.0117067885888036
3263	1.0093795656334548
3264	1.0072036001685616
3265	1.0086701202147534
3266	1.010039462236771
3267	1.0132512589478226
3268	1.0162476629756065
3269	1.0168728369491602
3270	1.01745656464928
3271	1.0152377897248226
3272	1.013163731469301
3273	1.0112915897227008
3274	1.0095415632911644
3275	1.0079013385357012
3276	1.0063680419132595
3277	1.007110882237419
3278	1.0078047002210937
3279	1.0105788985452793
3280	1.0131677005990962
3281	1.0116152658538724
3282	1.0101643583003936
3283	1.0077227439217586
3284	1.0054396295456445
3285	1.0060289965007294
3286	1.0065795056130744
3287	1.001459011021782
3288	0.9966653236022656
3289	1.0005780046417139
3290	1.0042291951035027
3291	1.0073971379655453
3292	1.010353296949353
3293	1.0066429105416808
3294	1.003171822499946
3295	0.9974568087995009
3296	0.9921050091666643
3297	0.9924948297797623
3298	0.9928591149717378
3299	0.9919660318436849
3300	0.9911309336957983
3301	0.9918601544831489
3302	0.9925415774785813
3303	0.9894636857066527
3304	0.9865832410676698
3305	0.9907832261503331
3306	0.9947035562811115
3307	0.9981358442715296
3308	1.0013393521045515
3309	1.0038643538974914
3310	1.006221205731544
3311	1.0101130932965845
3312	1.0137433341651116
3313	1.0179353089350243
3314	1.021844047362332
3315	1.0232363019005022
3316	1.024535544770086
3317	1.0246987695654384
3318	1.0248511399092453
3319	1.0206311981519072
3320	1.0166846167731334
3321	1.0192900952132393
3322	1.02172069339237
3323	1.017006994200682
3324	1.0125973344748265
3325	1.014342850293584
3326	1.0159719363304585
3327	1.011277855068755
3328	1.0068858154163984
3329	1.0079566964572615
3330	1.0089567055047046
3331	1.0101039919160848
3332	1.0111751877701114
3333	1.0126508416798132
3334	1.0140283163715076
3335	1.0091818370465717
3336	1.004646563183225
3337	1.003425218426714
3338	1.0022836458410544
3339	0.9991953692675648
3340	0.996305941900072
3341	0.9871059249746927
3342	0.9784775144588902
3343	0.9755914133467019
3344	0.9728892833699803
3345	0.9701266232159661
3346	0.9675397827681218
3347	0.9684219841572392
3348	0.969247122912371
3349	0.9746831923927287
3350	0.9797585474218367
3351	0.9853295804750191
3352	0.9905281920864434
3353	0.9917679351649438
3354	0.9929261509151779
3355	0.9938102545410797
3356	0.9946362978581981
3357	0.9937640106236519
3358	0.9929484263584435
3359	0.9854507969291657
3360	0.9784223185701674
3361	0.97844352050059
3362	0.9784633601543244
3363	0.9768879768887139
3364	0.9754137910893752
3365	0.9752726282265496
3366	0.9751406069268257
3367	0.978445832395744
3368	0.9815333799250872
3369	0.9864284441715613
3370	0.9909971260028224
3371	0.9902232650453218
3372	0.9894996666210191
3373	0.9934523838257411
3374	0.99714167963964
3375	0.9977385723055556
3376	0.998296170357816
3377	0.9996365468374805
3378	1.000888527453959
3379	0.9979878849876431
3380	0.99527424135634
3381	0.9949868568006554
3382	0.99471818062239
3383	0.9926658270809264
3384	0.9907459815366353
3385	0.9867325298072519
3386	0.9829748974375434
3387	0.9817647144198587
3388	0.980632535693261
3389	0.9824782753071903
3390	0.9842031145026527
3391	0.9807541708609746
3392	0.9775250594164849
3393	0.9799996317370279
3394	0.9823117825722325
3395	0.9848519561523013
3396	0.9872249011303348
3397	0.9896924816651061
3398	0.9919972287904085
3399	0.9904581518917731
3400	0.9890186866363329
3401	0.9870826510134522
3402	0.9852713262464643
3403	0.9779665185305703
3404	0.971117761619277
3405	0.973979149411483
3406	0.9766529729288475
3407	0.9769138006588721
3408	0.9771577243607614
3409	0.9831177412977172
3410	0.9886788718938733
3411	0.9917542626450492
3412	0.9946258581472919
3413	0.9927279519628673
3414	0.9909526149281134
3415	0.992366257814144
3416	0.9936869497014708
3417	0.9952366673583963
3418	0.9966842232573924
3419	0.989489969946365
3420	0.9827474107200508
3421	0.9803543196549195
3422	0.9781145916107677
3423	0.9797769656421609
3424	0.9813307342344708
3425	0.9793723007714903
3426	0.9775396600166486
3427	0.9775559540957083
3428	0.9775711731449305
3429	0.977743284976043
3430	0.9779042159563344
3431	0.9841324490801134
3432	0.9899434442830103
3433	0.9885597601521346
3434	0.9872655834213121
3435	0.9925203634725405
3436	0.9974228593306247
3437	0.9979970076509143
3438	0.9985334516826052
3439	0.9957227949392772
3440	0.9930932806471874
3441	1.0005867559200112
3442	1.0075699958790023
3443	1.001746131424929
3444	0.9962925584472303
3445	1.0021552452928189
3446	1.007621631848098
3447	1.001388989925222
3448	0.9955519742995395
3449	0.993587036090695
3450	0.9917491566078608
3451	0.9973499329286862
3452	1.0025735667875446
3453	0.9990345791363744
3454	0.9957232286537098
3455	0.9976989271303471
3456	0.9995438395868796
3457	1.0034101323604103
3458	1.007017411279734
3459	1.0107728693928895
3460	1.0142759796265408
3461	1.0159879146138984
3462	1.0175857007699383
3463	1.0134303744913828
3464	1.0095435512061948
3465	1.0084318540080222
3466	1.0073928863454407
3467	1.011440807952788
3468	1.015216049651559
3469	1.0185096345615707
3470	1.0215814675602468
3471	1.0209752192279629
3472	1.0204089814625803
3473	1.0236908462443646
3474	1.0267510965196789
3475	1.020774309627452
3476	1.015180990335957
3477	1.0137149991797316
3478	1.012344879834737
3479	1.0077195469040752
3480	1.0033913787483217
3481	1.0013650655564013
3482	0.9994702681140267
3483	1.0069213396534267
3484	1.0138631419513537
3485	1.0103338092042344
3486	1.007032766198229
3487	1.0047332654259982
3488	1.0025831180162068
3489	1.000669847834196
3490	0.998880773987552
3491	0.9958233962214759
3492	0.9929627983174981
3493	0.9907070193492463
3494	0.9885964143281437
3495	0.9871813159329199
3496	0.9858577239812167
3497	0.9833089333320831
3498	0.9809236158742407
3499	0.9871011315001839
3500	0.9928639919952351
3501	0.9977719974544279
3502	1.002350564838321
3503	1.0064912811409696
3504	1.010353725450045
3505	1.0107767437991522
3506	1.011171850835737
3507	1.0050823476693835
3508	0.9993801459986148
3509	1.0002990336564765
3510	1.001157399704304
3511	0.9990440626553309
3512	0.997067699994909
3513	0.994243142591222
3514	0.9916004428799617
3515	0.995022895991498
3516	0.9982176782483922
3517	1.0003725061601985
3518	1.0023844784134552
3519	0.998594120185085
3520	0.9950471105966909
3521	0.9985797135573978
3522	1.0018768468642234
3523	0.9991195451896792
3524	0.9965403915762271
3525	0.9897088164098975
3526	0.9833072150450459
3527	0.9802950641120058
3528	0.977475377727826
3529	0.9813212346394399
3530	0.984912749026583
3531	0.9845535034760244
3532	0.984217565550496
3533	0.9862762156969783
3534	0.9881995163753063
3535	0.9916876180732364
3536	0.9949439163642528
3537	0.9920813337849412
3538	0.9894029433275372
3539	0.9895364738838311
3540	0.9896612889008403
3541	0.9881604783526224
3542	0.9867566705904229
3543	0.9835618234517882
3544	0.9805712571524499
3545	0.9770489413425117
3546	0.9737507241131635
3547	0.9790326007537246
3548	0.9839632866276424
3549	0.9908215641654718
3550	0.9972169851314466
3551	1.0003935518004357
3552	1.0033584582525288
3553	1.000226551832867
3554	0.9972966027254465
3555	0.9972017149435375
3556	0.997113032027457
3557	0.996685342053994
3558	0.9962855512188935
3559	0.9969508010181519
3560	0.9975723262007145
3561	0.9846287419428834
3562	0.9724726773692854
3563	0.9690589929003478
3564	0.9658616628345316
3565	0.9685303317779858
3566	0.9710248546015855
3567	0.9731589483218496
3568	0.975153779902262
3569	0.9781821274294739
3570	0.9810112575113273
3571	0.9739994732731421
3572	0.9674254737977545
3573	0.970785667486258
3574	0.973925433007838
3575	0.9690473817387939
3576	0.9644762918840145
3577	0.9664917034607874
3578	0.9683761835490949
3579	0.9720792308412873
3580	0.9755385248794364
3581	0.9749179962074346
3582	0.9743375428643353
3583	0.9731364168626112
3584	0.9720124788204488
3585	0.9734247801954574
3586	0.9747450824339714
3587	0.9769357387522505
3588	0.9789831515995702
3589	0.9851195839228625
3590	0.9908445914680893
3591	0.9886774517423724
3592	0.9866501293530112
3593	0.9915773324877074
3594	0.9961747148217868
3595	0.9967906621387674
3596	0.9973663516948027
3597	0.9941480431845895
3598	0.9911365138474393
3599	0.9904779327746556
3600	0.9898622816103174
3601	0.9906135788309492
3602	0.9913156423956
3603	0.992658806395721
3604	0.9939136312890141
3605	0.9986399533754597
3606	1.0030492779588556
3607	1.001959341669702
3608	1.0009402435045254
3609	1.0009410599109136
3610	1.0009416708426324
3611	1.001931880596105
3612	1.0028568463908831
3613	1.0075833895452249
3614	1.011991198136527
3615	1.0063874613906962
3616	1.0011415155870915
3617	1.0067542774335494
3618	1.0119872141599657
3619	1.0127901705295685
3620	1.0135398159880062
3621	1.0102830018498532
3622	1.0072370339812489
3623	1.002618732416156
3624	0.9982964629135488
3625	1.0008830749785569
3626	1.0032978100048977
3627	1.0025793305631587
3628	1.0019077772813818
3629	1.0022068060511997
3630	1.0024859499883276
3631	0.9993517705477887
3632	0.9964196071170417
3633	0.9964401308267374
3634	0.9964593546130167
3635	0.9923842252771887
3636	0.9885696972988178
3637	0.9862739493741187
3638	0.9841255802252038
3639	0.9904385104379014
3640	0.9963264947875381
3641	0.9990094766604122
3642	1.0015142214852735
3643	1.0046916845193736
3644	1.0076568912545454
3645	1.0053889181580886
3646	1.0032683675090437
3647	1.0061558143692324
3648	1.0088505595700679
3649	1.008370754716931
3650	1.007922485186145
3651	1.006542763274809
3652	1.0052530910056896
3653	1.0051040963643851
3654	1.004964795340283
3655	1.0008410142722086
3656	0.9969821443813062
3657	0.9963868809735702
3658	0.9958304941121496
3659	0.9987912930207202
3660	1.0015551527659798
3661	1.005048533051793
3662	1.00830791535714
3663	1.003090118641954
3664	0.9982057695306792
3665	1.0001181821939154
3666	1.0019036932339067
3667	1.002851868007395
3668	1.003737500701568
3669	1.0017347594274433
3670	0.9998622014151884
3671	0.9980893607177113
3672	0.9964317101542778
3673	0.9994167749161792
3674	1.0022034368305477
3675	0.9997772786908776
3676	0.9975080222991242
3677	0.9980364166877425
3678	0.9985302919686224
3679	0.9968211872219315
3680	0.9952229717288663
3681	0.9919485069891291
3682	0.9888838711233102
3683	0.9906574513330024
3684	0.9923140370572953
3685	0.9903803134296342
3686	0.9885715401512206
3687	0.9918390081970125
3688	0.9948890642166515
3689	0.9972693955176501
3690	0.999492071031917
3691	0.9998930211061975
3692	1.000267374767424
3693	1.0037720731274373
3694	1.0070422467636455
3695	1.012433577560347
3696	1.0174591635622683
3697	1.0157983232566183
3698	1.014246245703913
3699	1.0104814831953268
3700	1.0069599341472897
3701	1.0064423928037618
3702	1.0059588320262833
3703	1.003256219090439
3704	1.000728770651281
3705	1.0011648997523321
3706	1.0015723495271163
3707	0.9965971567974188
3708	0.9919392433213304
3709	0.9926001187772654
3710	0.993217556672407
3711	0.9891849819300904
3712	0.9854092437883532
3713	0.9915380513339284
3714	0.9972542382613949
3715	0.9950214983863747
3716	0.992933005998418
3717	0.9939506259437604
3718	0.9949013355311184
3719	0.9954914453027486
3720	0.9960427524180869
3721	0.9941344401963366
3722	0.9923496330996799
3723	0.9928073164151275
3724	0.993235031366257
3725	0.9988024036010261
3726	1.0039944674883243
3727	1.0070374719570299
3728	1.0098770324764446
3729	1.0101445790541428
3730	1.0103944359780699
3731	1.0125767157293744
3732	1.0146133499273262
3733	1.0179485668885395
3734	1.0210590265503492
3735	1.019548897754128
3736	1.018138012693932
3737	1.018947216674838
3738	1.0197025760356773
3739	1.0159167937943403
3740	1.012376365954035
3741	1.0113731644510289
3742	1.0104358384077745
3743	1.0132232201007088
3744	1.0158239657228665
3745	1.015824250682594
3746	1.015824462407916
3747	1.0184555315030885
3748	1.0209100586828252
3749	1.0296791399116172
3750	1.0378366830064645
3751	1.038509332382145
3752	1.0391369045051508
3753	1.0383060905865338
3754	1.0375303749043634
3755	1.0369068227281375
3756	1.0363248598493715
3757	1.035152584503773
3758	1.034058053731296
3759	1.0322122849164097
3760	1.0304883637609779
3761	1.0287442522885137
3762	1.027115063689044
3763	1.0253505092035977
3764	1.0237020719686667
3765	1.0230740843655421
3766	1.0224876326574859
3767	1.0234035911683488
3768	1.0242583007263588
3769	1.0248844354483149
3770	1.0254688874057196
3771	1.0317142925671485
3772	1.0375293395350351
3773	1.0366586121292916
3774	1.035845725515036
3775	1.0314544615323025
3776	1.0273486586549905
3777	1.0270312437675897
3778	1.026734821536734
3779	1.0209480223472458
3780	1.015532993539988
3781	1.0121031607225082
3782	1.0088956592139515
3783	1.0120832023380728
3784	1.0150568506490643
3785	1.0137225223444337
3786	1.0124756993666408
3787	1.0133565346868225
3788	1.0141789485656811
3789	1.0147279201961061
3790	1.0152405675128244
3791	1.0174344836892004
3792	1.0194813897459205
3793	1.0211316191397002
3794	1.0226714741957692
3795	1.0259421512824851
3796	1.028991492533695
3797	1.035854751980677
3798	1.0422427292474181
3799	1.0417232038144586
3800	1.0412384362522638
3801	1.0388027441174215
3802	1.036527624860462
3803	1.0393230679591874
3804	1.0419287811276126
3805	1.0425698760429096
3806	1.0431676554719669
3807	1.0383076773525455
3808	1.033764055152169
3809	1.0364013212910315
3810	1.0388594356149627
3811	1.041191289791016
3812	1.0433650072921619
3813	1.0445033162970663
3814	1.045564998775731
3815	1.0396393166324815
3816	1.0340971110242034
3817	1.0259657806730222
3818	1.0183515121074125
3819	1.0163127427553504
3820	1.014407144521802
3821	1.012755645635086
3822	1.0112121351881291
3823	1.013388264638507
3824	1.0154191991786796
3825	1.014843056523443
3826	1.014304882920588
3827	1.0067734744132644
3828	0.9997184729577631
3829	0.9977607491126805
3830	0.9959300155683034
3831	0.9973864304105645
3832	0.9987466872677764
3833	0.9990846556019506
3834	0.9994003333387648
3835	0.9998775434748651
3836	1.0003232464001706
3837	1.0010792646123237
3838	1.001785330577476
3839	1.0022031165102063
3840	1.0025934215252617
3841	0.9994724174131729
3842	0.9965528520328751
3843	1.0020061571277412
3844	1.0070913720707086
3845	1.0049010152140612
3846	1.0028530976408918
3847	1.0009631572044158
3848	0.999195932954041
3849	1.0013523413820187
3850	1.0033657078236395
3851	1.0047488314686275
3852	1.0060405719344612
3853	1.0063221529812751
3854	1.0065853290271136
3855	1.0097389669350536
3856	1.0126812895178496
3857	1.0094817086151842
3858	1.00648961830407
3859	1.0025028723579137
3860	0.9987723931604122
3861	0.9959431759439593
3862	0.99329622168093
3863	0.9912141381040612
3864	0.9892665130136188
3865	0.9907656848735429
3866	0.9921662388823566
3867	0.9907082140733922
3868	0.9893445480656851
3869	0.9936346804293786
3870	0.9976385649808152
3871	0.9966762975665299
3872	0.995776704407462
3873	0.9936985809230648
3874	0.9917545292790623
3875	0.9892398526846236
3876	0.9868869386355018
3877	0.9923022521421454
3878	0.9973541358129017
3879	1.001076217441025
3880	1.0045497505216285
3881	1.005419211794306
3882	1.006230865054391
3883	1.0101951069697992
3884	1.0138928286414963
3885	1.008947442870156
3886	1.0043191022852573
3887	0.9986332495446455
3888	0.9933090185263557
3889	0.991883554038272
3890	0.9905505246672313
3891	0.9948434271818253
3892	0.9988495966117502
3893	0.9969576695660153
3894	0.9951878558232341
3895	0.9953304126579725
3896	0.9954633209044107
3897	0.9932454897865208
3898	0.9911707021076769
3899	0.9834835022919186
3900	0.976276780403074
3901	0.9806930084002502
3902	0.9848160353668706
3903	0.9850592372989974
3904	0.9852864926533653
3905	0.9840320203560318
3906	0.9828585045222404
3907	0.9825546602786904
3908	0.9822704645959941
3909	0.9816885831869481
3910	0.9811442353680966
3911	0.9771504484089434
3912	0.9734102105706864
3913	0.9728282837913037
3914	0.9722838298754666
3915	0.9765332613093128
3916	0.9805018618133746
3917	0.979589953948859
3918	0.9787368634394237
3919	0.9823720123275073
3920	0.9857667565468409
3921	0.9878181272139673
3922	0.9897343446361777
3923	0.9866726820207132
3924	0.9838072758119216
3925	0.9847187156577292
3926	0.9855705288796686
3927	0.9821132876244134
3928	0.9788767501486183
3929	0.9785465005608952
3930	0.9782374601087158
3931	0.9795235986322164
3932	0.9807257992899967
3933	0.9823540629357422
3934	0.9838757467245628
3935	0.9838298674836904
3936	0.9837868947267141
3937	0.9853457253531929
3938	0.9868022208056092
3939	0.9883263644660699
3940	0.9897504145618802
3941	0.994623012322406
3942	0.9991689304593645
3943	0.9986270973446485
3944	0.9981207136204212
3945	0.9964452922256786
3946	0.9948786060056254
3947	0.9915447608350261
3948	0.988424986295025
3949	0.9948009391221271
3950	1.0007462667241982
3951	0.9993523682495791
3952	0.9980490104759951
3953	0.9938619138985006
3954	0.9899427936801325
3955	0.993872097897706
3956	0.9975394221884625
3957	0.9987041393126548
3958	0.9997921600676428
3959	0.999393281547244
3960	0.9990205556396325
3961	1.0035487326821642
3962	1.0077725942421158
3963	1.011040486771475
3964	1.0140893504710211
3965	1.0158462102575527
3966	1.0174859360412647
3967	1.0158632809330488
3968	1.0143469682286215
3969	1.0149467303405724
3970	1.0155067318310373
3971	1.0155214333024853
3972	1.0155352351748401
3973	1.008272548042909
3974	1.0014700184154195
3975	1.0022570218107218
3976	1.0029923430489072
3977	0.9997014239843915
3978	0.9966225856280354
3979	0.9985752274926357
3980	1.0003979831781866
3981	1.000983100043107
3982	1.001529664165546
3983	0.9990197034849143
3984	0.9966720119458533
3985	0.9968376874876834
3986	0.9969918928168736
3987	0.9997714880257942
3988	1.0023661043943484
3989	1.0027680607354237
3990	1.0031434475380236
3991	1.0030520832600747
3992	1.0029665280273536
3993	1.0051432180633244
3994	1.0071749990140249
3995	1.0029933116111276
3996	0.9990804662847805
3997	1.007494417545555
3998	1.0153299935114775
3999	1.0149602377371387
4000	1.0146147156853502
4001	1.0165293691140909
4002	1.0183160993732754
4003	1.0156339285332725
4004	1.0131266426169594
4005	1.0172073423045789
4006	1.02101224908913
4007	1.015584196793012
4008	1.0105046122086845
4009	1.0151590159814217
4010	1.0194982260483585
4011	1.0215533084218569
4012	1.0234706078504427
4013	1.022810058842845
4014	1.0221931805501168
4015	1.0189450319531188
4016	1.0159082757755595
4017	1.0147586483500517
4018	1.0136845521580322
4019	1.0155900367181234
4020	1.017368385088483
4021	1.0214501134100065
4022	1.025255454027385
4023	1.0260359040407019
4024	1.0267642670220851
4025	1.0296319660901077
4026	1.0323058839091777
4027	1.0366682206454922
4028	1.0407321062091168
4029	1.0413708963615123
4030	1.0419667832641657
4031	1.037184453259312
4032	1.0327133476234758
4033	1.0280388693573832
4034	1.0236675754899764
4035	1.0226816094234088
4036	1.0217606765556837
4037	1.0183578174038592
4038	1.0151759178998667
4039	1.0162652572436401
4040	1.017282092640608
4041	1.0190626871834623
4042	1.0207243742148169
4043	1.0191330819434898
4044	1.017646331271094
4045	1.0208713920162076
4046	1.0238789812801845
4047	1.0296949210702129
4048	1.0351113728384689
4049	1.0340281840980852
4050	1.0330169093456782
4051	1.0313204970604852
4052	1.029736162399436
4053	1.0302588422741012
4054	1.0307465361871608
4055	1.0290570664021306
4056	1.027479020130499
4057	1.0231150868236558
4058	1.019033902030833
4059	1.0124325816999986
4060	1.0062518832885685
4061	1.0069680324490664
4062	1.0076368868637393
4063	1.0089841441240668
4064	1.0102419389131188
4065	1.0076596912245355
4066	1.0052451617936742
4067	1.003913581784679
4068	1.0026689844116248
4069	1.0063288750965913
4070	1.0097434371080063
4071	1.0053673374515237
4072	1.001272499945309
4073	0.999667155487169
4074	0.9981660409717863
4075	0.9987022253022944
4076	0.9992031616666807
4077	1.001625793426704
4078	1.003887488258202
4079	1.000549095200142
4080	0.9974259949173196
4081	1.0019061429376686
4082	1.0060851341819452
4083	1.003588969504464
4084	1.0012546553460409
4085	0.9980889358526912
4086	0.9951273789888421
4087	0.9951817981104293
4088	0.9952325727161677
4089	0.9986674431516307
4090	1.0018732122735756
4091	1.0106832388363067
4092	1.0188854473533135
4093	1.0179710915093119
4094	1.01711703966336
4095	1.0170868430001276
4096	1.0170586058088538
4097	1.020042596713381
4098	1.022825712731408
4099	1.0251380321612193
4100	1.0272945819683392
4101	1.0255656942204814
4102	1.0239503396564003
4103	1.0240958000034919
4104	1.024231494434184
4105	1.0276674695373496
4106	1.0308708450606165
4107	1.0320408921241015
4108	1.0331323066837823
4109	1.0301768724462608
4110	1.0274150547976981
4111	1.0265653539507875
4112	1.0257719271998944
4113	1.023370356603103
4114	1.021126094880458
4115	1.0208611655403406
4116	1.020613740414867
4117	1.019156571907224
4118	1.017795017987605
4119	1.0165167375595894
4120	1.0153224011258424
4121	1.0143948020274058
4122	1.0135281735227306
4123	1.0082523799884495
4124	1.0033145793533365
4125	0.9995241055642761
4126	0.9959773756603754
4127	0.9969683941093582
4128	0.9978942854935733
4129	0.9965940200716468
4130	0.9953782538973666
4131	0.9982928447600578
4132	1.0010135948604857
4133	0.9992702180142097
4134	0.9976401237422399
4135	0.9931354640463257
4136	0.98891831381929
4137	0.9908670012284106
4138	0.9926872454890354
4139	0.9982294530534638
4140	1.0033983734803185
4141	0.9996385535853927
4142	0.9961206135008075
4143	0.9895071673686223
4144	0.9833103741596682
4145	0.9824876213307229
4146	0.9817180998213101
4147	0.9815104183377844
4148	0.9813162096888665
4149	0.9803439509479028
4150	0.9794344347437286
4151	0.9827386054694154
4152	0.9858245507960952
4153	0.9864013153979128
4154	0.9869404541430008
4155	0.9859191082348393
4156	0.9849638985706717
4157	0.9883243358314805
4158	0.9914621788423806
4159	0.9962898694384992
4160	1.0007940343308626
4161	0.9984715595357189
4162	0.996299402026789
4163	0.9923724820527676
4164	0.9886967965087164
4165	0.9863319585838466
4166	0.9841192522751524
4167	0.9873124631073811
4168	0.990294535930403
4169	0.9921135250539818
4170	0.993812644208918
4171	0.989766568301042
4172	0.9859790346368756
4173	0.9870216352638266
4174	0.9879958859414023
4175	0.9945680791950194
4176	1.0006961877179437
4177	1.0001149471450603
4178	0.9995717776667751
4179	0.9990900518516477
4180	0.9986397164310965
4181	0.9955822060615399
4182	0.9927214743448096
4183	0.9941321248274269
4184	0.9954498229531792
4185	1.0011974364253748
4186	1.0065567068591144
4187	1.0149198952560423
4188	1.0227058807290823
4189	1.0233957284560393
4190	1.0240397239188601
4191	1.0207635673138167
4192	1.017700892548265
4193	1.0205906259248034
4194	1.0232855573891653
4195	1.0262720947218298
4196	1.0290570388463967
4197	1.0306828087665132
4198	1.032199461894332
4199	1.032531547575891
4200	1.0328414346455987
4201	1.0315771236197184
4202	1.030396480635487
4203	1.029701964657233
4204	1.0290535599549189
4205	1.0253168663405188
4206	1.0218233173215248
4207	1.0236126017076432
4208	1.0252822750325457
4209	1.0287142132200175
4210	1.0319140176509922
4211	1.0320961902519612
4212	1.0322663779389443
4213	1.0322952549954267
4214	1.0323222915824766
4215	1.0324444672202084
4216	1.0325587779654506
4217	1.0330565744367959
4218	1.0335208413331547
4219	1.0349726249417341
4220	1.0363271247976955
4221	1.033898765582112
4222	1.0316301320369523
4223	1.0307428923891395
4224	1.0299142474271505
4225	1.0286006854368008
4226	1.0273735136090316
4227	1.0201423544627353
4228	1.0133722061496473
4229	1.0095700746677623
4230	1.0060129317330562
4231	1.0137909718333815
4232	1.0210351939629834
4233	1.0228884183754337
4234	1.0246169499545412
4235	1.0256295742919834
4236	1.0265748371320849
4237	1.0257609191415404
4238	1.0250008815191667
4239	1.0241117155533643
4240	1.0232805192248733
4241	1.024678176461942
4242	1.025981831900294
4243	1.025417300898297
4244	1.0248898885197162
4245	1.0242163614965905
4246	1.0235874453076204
4247	1.0250968142910863
4248	1.0265050520830696
4249	1.02287054692926
4250	1.0194725423639663
4251	1.0097769911556762
4252	1.0006877474479712
4253	0.999365463869234
4254	0.9981291641622813
4255	1.0000985487547687
4256	1.001937647382738
4257	1.0011043594763602
4258	1.0003255325437534
4259	1.0049542582586477
4260	1.0092718762312516
4261	0.9975980045174089
4262	0.9866427621092776
4263	0.9902382889691088
4264	0.9935953029338292
4265	0.9952836323510699
4266	0.9968597843399895
4267	0.9949035445367073
4268	0.993073666280792
4269	0.9906422883646346
4270	0.9883675504078079
4271	0.9843754996333695
4272	0.980637581707219
4273	0.9848130020723782
4274	0.9887115234160049
4275	0.9844017303190616
4276	0.98036498210927
4277	0.977422766481
4278	0.9746682379172532
4279	0.9738145835271285
4280	0.9730151028086245
4281	0.9774161430592088
4282	0.9815257127649115
4283	0.9870305589911722
4284	0.9921673271825349
4285	0.9930803153276536
4286	0.9939336328882697
4287	0.9977082372858103
4288	1.0012310397477546
4289	0.9990338227618467
4290	0.9969788967618862
4291	1.0038830552531544
4292	1.0103161698248584
4293	1.0131733470213449
4294	1.0158390983542944
4295	1.013461219305662
4296	1.011238076042192
4297	1.0073017498286272
4298	1.0036191029977737
4299	1.0054851488024947
4300	1.007227389971952
4301	1.0046904880529135
4302	1.002318099338536
4303	1.0055737753991703
4304	1.00861160117986
4305	1.005416059801258
4306	1.0024267563642053
4307	1.0068152831669757
4308	1.0109087823289775
4309	1.0148558636823282
4310	1.018536586645658
4311	1.0170962459846618
4312	1.0157503191564767
4313	1.020987943567534
4314	1.0258689805715404
4315	1.026784128777543
4316	1.027637859716186
4317	1.0227062217676897
4318	1.018093272219633
4319	1.0234562488032868
4320	1.028453205232232
4321	1.028115726108294
4322	1.0278004351476122
4323	1.0303542611432666
4324	1.032735646204741
4325	1.0329248381556002
4326	1.0331014505220395
4327	1.032317414458169
4328	1.0315854927298105
4329	1.035424648703691
4330	1.0390021335502817
4331	1.0382148562659095
4332	1.0374798790838848
4333	1.0382346568534202
4334	1.0389384905673094
4335	1.0353704148378873
4336	1.032036107585298
4337	1.0285648850187952
4338	1.0253198482663117
4339	1.0259196302517497
4340	1.0264793338718416
4341	1.025042821277754
4342	1.023700721436358
4343	1.0338241433387778
4344	1.043235050335696
4345	1.0463444742477621
4346	1.0492417452267124
4347	1.0450506114431175
4348	1.0411341549905064
4349	1.0416209515463513
4350	1.0420749592399703
4351	1.0410571114618699
4352	1.0401069167640908
4353	1.0356362809508943
4354	1.031456996094331
4355	1.0325096348499814
4356	1.033491646055338
4357	1.0272383310969504
4358	1.0213868940974478
4359	1.0189087273706232
4360	1.0165925190939087
4361	1.013745760951345
4362	1.011084255975125
4363	1.0120577399266062
4364	1.0129667760742311
4365	1.016569891853082
4366	1.0199300580050419
4367	1.017959876257815
4368	1.0161186444952162
4369	1.0130501467845798
4370	1.0101808576144296
4371	1.0093501617985754
4372	1.0085736980207183
4373	1.003888683993362
4374	0.9995036960302404
4375	0.9977904296036336
4376	0.9961883580119264
4377	1.0000935552272658
4378	1.0037375094170764
4379	1.0020067187479458
4380	1.0003885052604375
4381	0.9994133730687472
4382	0.9985018570977073
4383	0.9984546334822801
4384	0.9984104626877232
4385	0.9951361496165104
4386	0.9920724021027557
4387	0.9913313657853408
4388	0.9906385204816486
4389	0.9908670368269501
4390	0.9910806844663922
4391	0.9850167364496735
4392	0.9793353026178045
4393	0.9784958021070891
4394	0.9777104815137043
4395	0.9805042094270587
4396	0.9831140457653896
4397	0.9805697062024875
4398	0.978188360725393
4399	0.9797751122922537
4400	0.9812582265588539
4401	0.9859968526999974
4402	0.9904200350699351
4403	0.9927000465749871
4404	0.9948293691169063
4405	0.9942237897801324
4406	0.9936576523761916
4407	0.9907033398677154
4408	0.9879385161638398
4409	0.9878623341353148
4410	0.9877911985517254
4411	0.9871892501240029
4412	0.9866260802439462
4413	0.9863173678158409
4414	0.9860286573596548
4415	0.9879159349968115
4416	0.9896794943645132
4417	0.9913884245901592
4418	0.9929835538812607
4419	0.9947926979240491
4420	0.9964826311932663
4421	0.9909000336163631
4422	0.9856711043069759
4423	0.9884165660011839
4424	0.9909811358098817
4425	0.9907832097711105
4426	0.9905975541135538
4427	0.9904285963226594
4428	0.9902704580325695
4429	0.992493028956209
4430	0.9945680149662968
4431	0.9963492076646144
4432	0.9980129402956229
4433	1.0011533542788307
4434	1.0040846167701307
4435	1.0067237004504472
4436	1.0091865767249226
4437	1.0143260392327995
4438	1.0191168341708863
4439	1.0181882061373846
4440	1.0173205524089677
4441	1.0249196102869502
4442	1.031993346564913
4443	1.0300993814153625
4444	1.0283300527404682
4445	1.031873298772027
4446	1.0351759812863506
4447	1.0368341838591357
4448	1.038380514868205
4449	1.038066044068748
4450	1.0377726543684065
4451	1.0435277070101237
4452	1.048885243064282
4453	1.0490311457906047
4454	1.0491672111924761
4455	1.0484911597525035
4456	1.0478600806264027
4457	1.0449127748951756
4458	1.04215994505889
4459	1.0433678433180533
4460	1.0444943598806342
4461	1.0438874249472292
4462	1.0433210339506926
4463	1.0385223775193153
4464	1.034036415750954
4465	1.0324546769611165
4466	1.0309774815708705
4467	1.0333318702059477
4468	1.035527016446661
4469	1.0293336770310644
4470	1.0235385496956353
4471	1.026186649887509
4472	1.028656232755523
4473	1.026284484814495
4474	1.0240685780526086
4475	1.0253199075541275
4476	1.0264876316693539
4477	1.020166232153601
4478	1.0142497968869835
4479	1.0191372333242463
4480	1.0236928327222705
4481	1.0190811357437322
4482	1.0147674259525727
4483	1.01116357716121
4484	1.0077932115138375
4485	1.006640227809762
4486	1.005562499965186
4487	1.0012518555209498
4488	0.9972174701072927
4489	0.9984786159901985
4490	0.9996558868845202
4491	1.0017523875071224
4492	1.0037096099278584
4493	1.0029922174793608
4494	1.002321740390354
4495	0.9974696911644381
4496	0.9929276673703907
4497	0.9909998537984527
4498	0.9891960919923465
4499	0.99105591709755
4500	0.9927929647177871
4501	0.9914598143877009
4502	0.9902133623971267
4503	0.9913766491657294
4504	0.9924638767294679
4505	0.9922719496408438
4506	0.99209199823962
4507	0.9904519639645369
4508	0.9889179998593228
4509	0.9893381745870579
4510	0.989730698347137
4511	0.9889364668635318
4512	0.9881937359629033
4513	0.9896358236808365
4514	0.990983636807179
4515	0.9882374989238347
4516	0.9856666272710775
4517	0.9864094841713158
4518	0.9871023682960285
4519	0.9895952177472429
4520	0.9919235119837883
4521	0.9945426735300471
4522	0.9969876892777385
4523	0.98964642441671
4524	0.9827661429370095
4525	0.9829466785165692
4526	0.9831156550827124
4527	0.9869931754071454
4528	0.9906134996605002
4529	0.9934949276566881
4530	0.9961855745202768
4531	0.9989525191607483
4532	1.0015360910682456
4533	1.0018704245455852
4534	1.0021817357363776
4535	1.0036513147167905
4536	1.0050239591209793
4537	0.9989043337142727
4538	0.9931729998170516
4539	0.991757491562555
4540	0.9904338049484207
4541	0.9896260573926988
4542	0.988871060795546
4543	0.9899549148394025
4544	0.9909671050768549
4545	0.989900471270649
4546	0.9889015619037768
4547	0.9875938064989435
4548	0.9863706236035721
4549	0.9817511041930186
4550	0.9774238834997612
4551	0.9816219737611742
4552	0.9855415475661076
4553	0.985702091927661
4554	0.9858523145980258
4555	0.9878631205420483
4556	0.9897416862156511
4557	0.9839543543051202
4558	0.9785317331247109
4559	0.9803513152824515
4560	0.9820515905031862
4561	0.9894194549518158
4562	0.9962890822447487
4563	0.995497374041859
4564	0.9947571255244269
4565	1.000252702208536
4566	1.0053778181558122
4567	1.0027841248793083
4568	1.0003586460277871
4569	0.9970515363718188
4570	0.9939570316544242
4571	0.9974040878232068
4572	1.0006216114489306
4573	0.9992754110695415
4574	0.998016843793998
4575	1.005638420635335
4576	1.0127389656279555
4577	1.017105819538583
4578	1.0211772728383313
4579	1.0190914566303224
4580	1.017142014978747
4581	1.0119735890639936
4582	1.0071368062640103
4583	1.0062355330634472
4584	1.0053934205535215
4585	1.0026707121149097
4586	1.0001242076035035
4587	1.001791947507915
4588	1.0033494216593468
4589	0.9975831539451677
4590	0.992183545615203
4591	0.9915639653336443
4592	0.9909848982108331
4593	0.9924695405827224
4594	0.9938565820964348
4595	0.9984722553055596
4596	1.0027772415341345
4597	1.0026160535082569
4598	1.0024655437476306
4599	1.0022700808002696
4600	1.0020873230131804
4601	1.0043684860980084
4602	1.006497891871204
4603	1.0011250077177605
4604	0.9960951160250161
4605	0.9917784799496752
4606	0.9877373590701838
4607	0.9882143948899705
4608	0.9886597648216859
4609	0.9855978064135569
4610	0.9827323047483748
4611	0.9785559353919006
4612	0.9746442312098835
4613	0.9801855840987072
4614	0.9853575033297163
4615	0.9931330178043583
4616	1.000380455366213
4617	1.0024903158104004
4618	1.0044601942375124
4619	1.0012827352525286
4620	0.9983102101872413
4621	1.0023186539400764
4622	1.0060582402075948
4623	1.0001810827974473
4624	0.9946775071986995
4625	0.9977939789817633
4626	1.0007021947625565
4627	1.0042396226551666
4628	1.0075399244196122
4629	0.9978515764963614
4630	0.9887665477651661
4631	0.9913847904242524
4632	0.9938298335117277
4633	0.9949378745037272
4634	0.9959728463776022
4635	0.9931520629468534
4636	0.9905130345368877
4637	0.9918893269717024
4638	0.9931749732411793
4639	0.9927831620591621
4640	0.9924169487265196
4641	0.9921146722954102
4642	0.9918319734515915
4643	0.9938485632453568
4644	0.9957317444685929
4645	0.9946288054002227
4646	0.9935975671380332
4647	0.9993001379611977
4648	1.0046180668243738
4649	1.0068188018389073
4650	1.0088730554947083
4651	1.0049163747761172
4652	1.0012144667627914
4653	1.0032863664645633
4654	1.005220874875099
4655	1.0003220887243482
4656	0.9957364885019834
4657	0.9994961825598727
4658	1.0030047642076048
4659	1.0046987088545265
4660	1.0062804091054416
4661	1.0110577955394813
4662	1.0155126660150011
4663	1.0128047540467806
4664	1.0102731098208708
4665	1.0043794257990595
4666	0.9988613371556221
4667	1.0041422921470087
4668	1.0090672697962648
4669	1.0090353729637083
4670	1.00900570524163
4671	1.0094621260906862
4672	1.009888099414837
4673	1.0106558567851702
4674	1.0113728211973536
4675	1.0123836476157024
4676	1.0133273465949515
4677	1.0161940771937512
4678	1.0188682479966447
4679	1.0222374808744101
4680	1.025379213009118
4681	1.021557186973134
4682	1.0179834904104772
4683	1.0170021675299863
4684	1.0160854850399894
4685	1.0163526267048593
4686	1.0166022039731182
4687	1.019207575031229
4688	1.021637801676838
4689	1.0188898168098233
4690	1.016320720979754
4691	1.0178255690366778
4692	1.019229483039915
4693	1.021220602367073
4694	1.023077399964447
4695	1.0215285054473682
4696	1.0200814664166016
4697	1.0212875085432516
4698	1.0224127566584187
4699	1.0303693502226383
4700	1.037773285911707
4701	1.0403646807920102
4702	1.0427802807615771
4703	1.0472591462362264
4704	1.051429773833243
4705	1.0498772107031713
4706	1.0484282442020048
4707	1.0519743586450396
4708	1.0552769489572198
4709	1.0486880220093655
4710	1.0425259125159192
4711	1.0394294776523076
4712	1.0365364633239542
4713	1.036682619285788
4714	1.0368191217544052
4715	1.0371232664021588
4716	1.037406870534726
4717	1.0378502277637276
4718	1.0382638932027997
4719	1.0333645124688626
4720	1.0287831415038324
4721	1.0328369226589411
4722	1.0366144750846056
4723	1.0381779218406675
4724	1.039635931024502
4725	1.03974905329557
4726	1.0398545617348287
4727	1.0389910074989972
4728	1.0381848841973362
4729	1.0395292032295205
4730	1.0407828049707262
4731	1.034331882123445
4732	1.0282965618610775
4733	1.0304415605061505
4734	1.0324419521874186
4735	1.035933165267507
4736	1.039186907400978
4737	1.0382769905285374
4738	1.0374275909639694
4739	1.0389230790410986
4740	1.040317690249793
4741	1.0366038737342613
4742	1.033133071577552
4743	1.0381230217090631
4744	1.0427704558290471
4745	1.047755052499932
4746	1.0523957799068666
4747	1.0504070061173554
4748	1.048550379724795
4749	1.0481901479441116
4750	1.047854069061253
4751	1.046984133720913
4752	1.0461723206161393
4753	1.0481412076506524
4754	1.0499764358189096
4755	1.0457080326374384
4756	1.0417193494022676
4757	1.0380608538115168
4758	1.0346421209114487
4759	1.0298444235941782
4760	1.0253579487527085
4761	1.0241894957747997
4762	1.0230981585769505
4763	1.023572562730679
4764	1.0240153883895782
4765	1.0242642703515017
4766	1.024496603075258
4767	1.0275314202000727
4768	1.0303611067740972
4769	1.0316262460166288
4770	1.032806489646578
4771	1.0412075541129082
4772	1.0490206185451403
4773	1.04912488284425
4774	1.0492220523249836
4775	1.0465314416142324
4776	1.0440188019780101
4777	1.0445884046742315
4778	1.0451196799272386
4779	1.0428467797760523
4780	1.0407242046340552
4781	1.0374875867420987
4782	1.0344634582690388
4783	1.0333876322358022
4784	1.032383149695408
4785	1.0302729085700426
4786	1.0283015363451216
4787	1.0351244709494523
4788	1.0414751740715924
4789	1.0407348185812224
4790	1.0400438470563882
4791	1.0424498218923233
4792	1.0446925354877645
4793	1.041137904075219
4794	1.0378165342681906
4795	1.032975418808015
4796	1.0284487985440494
4797	1.0288813976129647
4798	1.029285112956438
4799	1.0295456972533432
4800	1.0297889228245352
4801	1.0337801392940873
4802	1.0374993631636347
4803	1.039479927418649
4804	1.0413265790586432
4805	1.0392711456945394
4806	1.0373516025819152
4807	1.0379911999546878
4808	1.0385878763131409
4809	1.0397346088670911
4810	1.0408041494583016
4811	1.0408417241483359
4812	1.0408767476709282
4813	1.042632104839299
4814	1.0442687251122043
4815	1.041272893114651
4816	1.0384742515648677
4817	1.038427356006442
4818	1.0383835798962522
4819	1.0401641373017863
4820	1.0418244277684745
4821	1.0393755653206262
4822	1.0370883501427395
4823	1.0376394866998528
4824	1.038153682441871
4825	1.0376609044687652
4826	1.037200993238157
4827	1.0372102608103762
4828	1.037218882834584
4829	1.0349815781527876
4830	1.0328918153144286
4831	1.0273972007581917
4832	1.022257195014255
4833	1.0211456512004147
4834	1.0201073633192286
4835	1.0267130076070243
4836	1.0328641035556607
4837	1.0287522883749922
4838	1.024908034287935
4839	1.0245774888381343
4840	1.0242688393119632
4841	1.024558426189643
4842	1.0248286524000543
4843	1.0285363616366263
4844	1.0319924334191073
4845	1.028426991249819
4846	1.0250941378036837
4847	1.0230018268567205
4848	1.0210467928915468
4849	1.0269048793364821
4850	1.0323612848449122
4851	1.0306591403086864
4852	1.0290693439359855
4853	1.0296163734024024
4854	1.0301268621297406
4855	1.0298078549413774
4856	1.0295100528941965
4857	1.0265125985570376
4858	1.0237112085871163
4859	1.0252769647540014
4860	1.026737800331025
4861	1.0294408910188368
4862	1.0319616296658425
4863	1.0271696159656256
4864	1.0226880014888258
4865	1.0245743344833924
4866	1.0263342332679053
4867	1.0272607458587215
4868	1.0281253860531547
4869	1.0240107584145428
4870	1.020163152515379
4871	1.0176841461750488
4872	1.01536704337128
4873	1.0152728468389798
4874	1.0151848641844448
4875	1.0153468671836108
4876	1.0154981917704244
4877	1.0145605603512258
4878	1.0136845551464166
4879	1.0151043260045567
4880	1.0164295854090561
4881	1.0190935052061911
4882	1.0215787373259313
4883	1.0214695776223508
4884	1.0213677465658453
4885	1.022202703758921
4886	1.0229821605823868
4887	1.0247204387386333
4888	1.0263423677958767
4889	1.0232776693280041
4890	1.0204127537311491
4891	1.0214501286473794
4892	1.0224178562409754
4893	1.0191574015685194
4894	1.0161089637002745
4895	1.0201100818010425
4896	1.0238405574977225
4897	1.02178319327912
4898	1.0198607944038178
4899	1.0214941071467347
4900	1.0230180701050133
4901	1.0195416287579964
4902	1.0162911527968697
4903	1.0223471934699881
4904	1.0279886807973764
4905	1.0290862237805545
4906	1.0301102156221902
4907	1.02534096766095
4908	1.0208803523223968
4909	1.0204433566522362
4910	1.0200352686338712
4911	1.0205645070617295
4912	1.0210584847011865
4913	1.020509228598208
4914	1.0199962640406521
4915	1.0210031970435922
4916	1.0219430652038235
4917	1.0240654943180367
4918	1.026045411762829
4919	1.0177262743007947
4920	1.009933642512609
4921	1.017091014429686
4922	1.0237568892938804
4923	1.0224110466820764
4924	1.0211537995529645
4925	1.0179092854300824
4926	1.014875836735709
4927	1.0169387900854425
4928	1.0188638435212842
4929	1.024978263461773
4930	1.0306731878318844
4931	1.026659884011162
4932	1.0229075756055075
4933	1.0190000160921155
4934	1.0153456668866319
4935	1.0113365159693921
4936	1.0075863013130866
4937	1.009107681259482
4938	1.010528081831079
4939	1.0118559129367266
4940	1.0130955861568596
4941	1.0097607392111718
4942	1.0066418816994043
4943	1.0043873525383047
4944	1.0022792911854983
4945	1.0050730202434097
4946	1.0076804793347438
4947	1.0100373255590376
4948	1.0122369214757585
4949	1.0108299115095711
4950	1.0095149686468812
4951	1.013415274313133
4952	1.0170527707956196
4953	1.0168428098881017
4954	1.0166466790196935
4955	1.0178996800316555
4956	1.0190692132669938
4957	1.0111947287848093
4958	1.003818353238306
4959	0.9990448736517498
4960	0.9945766462230331
4961	0.9979030708194336
4962	1.0010079690147626
4963	0.9967870566904616
4964	0.992836437506761
4965	1.0006337244181402
4966	1.0078990323299697
4967	1.0019668945882962
4968	0.996412192398443
4969	0.994726928782023
4970	0.9931509192976198
4971	0.9920456435264906
4972	0.9910121397272827
4973	0.991435714213129
4974	0.9918315241546252
4975	0.9942418324176074
4976	0.9964925504692337
4977	0.9978328115222797
4978	0.9990846462916962
4979	1.0024037291468721
4980	1.005501323393801
4981	1.007971990286142
4982	1.0102779427551478
4983	1.0074473120548795
4984	1.0048002051834066
4985	1.0012841259777734
4986	0.9979946125836296
4987	0.9981869034614165
4988	0.9983665803557732
4989	0.9957730831705685
4990	0.9933469796279075
4991	0.9971895493780142
4992	1.0007757532679578
4993	1.0047785750857687
4994	1.0085130023169675
4995	1.0033707430069307
4996	0.9985573548749619
4997	1.0033834193950368
4998	1.0078847741453352
4999	1.010960731175672
5000	1.0138306280534797
