0.010865225445984046	0.0023420268070129253	0.0021402577167973203	0.0004613379604109654	0.11033965882173621	0.023783992345292944	0.021734966056253448	0.004685026869099751	0.05074561612121308	0.010938345815750768	0.009995991066821747	0.002154661139572698	0.5153371181619634	0.11108221834736139	0.10151232014296614	0.021881237181763127
0.00926707875377836	0.022561858952622436	0.03839366827268591	0.0934741736050247	0.020085187731852833	0.048899894420153085	0.08321328171048169	0.2025931121143493	0.008606187717324985	0.020952837302576133	0.035655585227083536	0.08680796895555415	0.018652792379428237	0.04541254929614421	0.07727884288056407	0.18814498068037652
0.0010101020074527176	4.725288496015012e-6	2.505928383123043e-6	1.1722810640155191e-8	0.018739108240107386	8.766212911095957e-5	4.648922867871652e-5	2.1747805255642247e-7	0.049772213890806626	0.00023283595912508497	0.00012347822552533782	5.776349658532275e-7	0.923359122710446	0.004319502592849196	0.0022907308532638575	1.0716109926057178e-5
0.05572262676848701	0.04937148288446609	0.04101931797552369	0.03634402526957593	0.11766708696514154	0.10425564814632673	0.086618738838894	0.07674612325485333	0.042424643310488584	0.03758917467738462	0.031230220735668245	0.02767066805617872	0.08958630422468711	0.07937545198807947	0.06594752100456695	0.058430965899677945
0.00039637347341727266	3.3457564037025224e-5	8.874158369924052e-5	7.490605246024516e-6	0.00785715493013949	0.000663216087488349	0.0017590893907697364	0.0001484833115372788	0.03578887593889139	0.003020910047827716	0.008012548120972386	0.0006763327009397651	0.7094287632396278	0.059882307640729084	0.1588295791565317	0.01340667620814573
0.005500887048541101	0.026621440320026665	0.019192124974101152	0.09287993101913065	0.01179493653639159	0.0570813754784015	0.041151525939449145	0.19915204260840383	0.006632327132883671	0.032097023515104246	0.023139622769964653	0.11198377301019422	0.014220956898523814	0.06882205579337011	0.04961570372912109	0.24011427322639245
0.002148364734554663	2.81993065165913e-6	7.128611084989807e-6	9.356972109527241e-9	0.04095706794180305	5.376000147159256e-5	0.00013590197411201727	1.7838411525541269e-7	0.04746145579246068	6.229762191161096e-5	0.00015748455298584255	2.0671327870203177e-7	0.9048193904149359	0.0011876604992659787	0.003002332626616447	3.940843779502364e-6
0.08571906769279716	0.022506759980994214	0.08325770642586226	0.021860494584595432	0.18208396926381545	0.047808735009746015	0.17685555928061425	0.04643594163084613	0.042886238634870885	0.011260391712400609	0.041654791192643655	0.01093705767765881	0.09109871079580874	0.023919261765740826	0.08848287695328377	0.0232324373983216
5.316808620513116e-5	9.56176143474208e-5	5.114626515674284e-6	9.198156650213206e-6	0.0010380949716546112	0.0018669124984620551	9.986193686430659e-5	0.0001795919478883977	0.015829471438936416	0.02846775957916012	0.0015227524654231278	0.0027385217031069492	0.30906688349305855	0.5558266280148045	0.02973140073787072	0.053469022729051824
0.008646990069607082	8.806362520878074e-5	0.061321882766415765	0.0006245210480834756	0.018471196342578298	0.0001881163848664546	0.13099223285294043	0.0013340654732296737	0.03036191696230168	0.0003092151667186724	0.21531768829827239	0.002192862030658227	0.06485735788213026	0.0006605274217486419	0.4599490995793623	0.004684264095877884
0.007240762214134978	0.012782724092602346	9.6684159963583e-6	1.706846467802645e-5	0.13936670258439232	0.24603571476968944	0.00018609301296985408	0.00032852558473899537	0.010595065801868132	0.0187043572048066	1.4147337069193946e-5	2.497547924547561e-5	0.20392872197743128	0.36001245594086073	0.0002723011278887923	0.0004807159916275045
0.016857999315536012	0.0001806954285599156	0.006804927757200384	7.293981417316805e-5	0.03588855392616244	0.00038467777289012076	0.014486832761516256	0.00015527966310365098	0.20842022915303843	0.00223398885730508	0.08413125282420153	0.0009017756199777359	0.44370037590217615	0.004755880462158524	0.17910482420499274	0.0019197665370079854
0.005486244845812906	0.010106770278007136	0.006249533056968287	0.011512901215080794	0.1065178075824441	0.19622729973022465	0.12133737708595402	0.223527937744083	0.0025703187429280084	0.004735045884044994	0.0029279210830579754	0.005393821568351119	0.04990384588717498	0.09193295606478094	0.056846849403699905	0.1047233698273872
0.0008435840825694588	8.043751500771255e-6	4.9688508038018165e-5	4.7379036584534366e-7	0.001799575016715204	1.715932595285964e-5	0.00010599796692549308	1.0107128893881607e-6	0.29771390447122714	0.00283876464169027	0.017535845022455487	0.00016720796732796865	0.6350979299932963	0.006055792224007106	0.03740832627292041	0.0003566962521182576
0.0004312894722238402	0.000720311389268058	0.0031647145504509516	0.005285498676139851	0.008329954760662471	0.013912144099540554	0.06112351618447299	0.10208448778674512	0.001779862712462607	0.002972609965436311	0.013060271086357742	0.021812408176634775	0.03437639179680391	0.057413194914082	0.2522469810134505	0.4212863634152682
0.14906669644190346	0.0018659955837665423	0.00019404381906299904	2.4290127712722663e-6	0.31760123307349203	0.003975686806374743	0.0004134294089539771	5.175250204917469e-6	0.16600182520307322	0.00207798710322157	0.00021608869655461043	2.7049673944436056e-6	0.3536831876964155	0.0044273555532318275	0.0004603981849543135	5.763198624541204e-6
0.00039060593964655623	0.0008165775509285242	0.00015379484370208314	0.0003215143551818994	0.007568139587417318	0.015821502599193606	0.0029798339626263704	0.006229463693196397	0.011003490245895491	0.02300324241047026	0.004332448359787284	0.009057158921752713	0.21319683516608853	0.4456966263318107	0.08394284524146371	0.1754859207908386
0.09265887608401435	0.0006319013929893133	0.11184880967918717	0.0007627700834228908	0.19756708970374412	0.0013473390188700836	0.23848383176058505	0.0016263770063248302	0.05101455802759401	0.0003479015896020809	0.06157982734997374	0.00041995306145530757	0.10877314929760232	0.000741795146518592	0.1313003976323026	0.0008954231658138646
9.014457987788294e-5	0.00011247843289534979	4.447730285000892e-6	5.549681778713702e-6	0.001743246454598858	0.0021751460778815157	8.601171652076348e-5	0.00010732162818885335	0.020755683571218545	0.025898026979825198	0.001024084670766256	0.0012778077070854515	0.40138044735820955	0.5008248280134548	0.0198040966405383	0.024710678756874865
0.010220715632306053	0.0003016150492086209	0.07230063239332483	0.0021336039061882065	0.021782698092426337	0.0006428111096523424	0.15408929315451037	0.004547201136329154	0.02820034502558919	0.0008321969574917212	0.1994872817530901	0.005886903468116229	0.0601014277173534	0.0017736033102398211	0.42515332468220945	0.012546346611964278
0.0030450730470564327	0.0115000218011422	4.0738788920539265e-6	1.538540959440074e-5	0.05895485637395883	0.22264888989744103	7.887329507517407e-5	0.0002978728585080188	0.007223427750252265	0.027279994707245864	9.66392903726093e-6	3.64967910115071e-5	0.13985088008166208	0.5281607846493903	0.0001871007820159163	0.0007066047477165543
0.0945413814592403	0.16911231476944188	0.00012431354029297673	0.00022236771064312449	0.20469519906825034	0.36615160898138305	0.0002691560508677417	0.0004814569249347127	0.018600828379490446	0.033272510887107504	2.445844129359852e-5	4.375040388632576e-5	0.040273372455591726	0.07203959932057176	5.29559165755446e-5	9.472569042889228e-5
0.0009066997233621504	0.005305276609698638	1.1721272957481065e-6	6.8583450126828765e-6	0.006952176136944953	0.04067853611896094	8.987358444033651e-6	5.258678403397399e-5	0.015911351772526165	0.09310041705367741	2.0569246073739885e-5	0.00012035466347061107	0.12200127258151867	0.7138531986974889	0.00015771596486049226	0.0009228268166309137
0.14007890868891307	0.17082416423675598	0.0001780833081329842	0.00021716996913427166	0.2832853687603025	0.34546233128106907	0.0003601426944761732	0.0004391887070343438	0.00880731108201535	0.010740386035556472	1.1196796919119078e-5	1.3654328790388307e-5	0.01781126360140533	0.021720573405291193	2.264358548945432e-5	2.7613518714296764e-5
0.0003184795405831724	0.004180189626061735	3.9828266212513526e-7	5.227642094079645e-6	0.0027673439174829583	0.03632265455553266	3.4607720811600217e-6	4.542421634161822e-5	0.006978870266273456	0.09160086401559074	8.72760310815459e-6	0.00011455378234434557	0.060641051374635636	0.7959415333416945	7.583620389344755e-5	0.0009953848596202161
0.15537554182973842	0.16058527594187547	0.00019119133990293596	0.00019760197592523225	0.30418771181704596	0.31438711051315954	0.00037430637743512545	0.0003868568514669461	0.010679746812725035	0.011037838186850115	1.3141547755222045e-5	1.3582183191278527e-5	0.020908359884003542	0.02160941614056607	2.572797040203353e-5	2.659062795714864e-5
0.0002087756156919631	0.003959580498083426	2.528445461749895e-7	4.79537962689281e-6	0.0019283707395424939	0.03657294530331067	2.3354165326287203e-6	4.429286306664343e-5	0.0046781397612441706	0.08872430290547652	5.665614353259407e-6	0.00010745247249528804	0.04320996875604398	0.8195082986207773	5.233084766219654e-5	0.0009924923615463423
0.14841882958497646	0.16951410955661425	0.0001769538732742616	0.00020210493738940458	0.28756938963582723	0.3284426184748104	0.0003428575570462918	0.0003915890837434637	0.010307963543121306	0.01177306994159941	1.2289775358192385e-5	1.4036563502894478e-5	0.01997222854251512	0.02281095024608891	2.38120945192695e-5	2.719658961332011e-5
0.00025260117939336825	0.0038334280644023466	2.965577646961186e-7	4.500504948681062e-6	0.0023796811117318727	0.036113593689264575	2.7937831204097132e-6	4.2397928011864654e-5	0.00567292942858635	0.0860913117315707	6.660108534174811e-6	0.00010107255646305817	0.053442992791304586	0.8110408229440667	6.274291560681498e-5	0.0009521747052298477
0.15430640884390234	0.164164331074103	0.00017842804094503787	0.000189826982599513	0.2981964717460954	0.31724686407793273	0.00034481142208553665	0.0003668398278301267	0.0107282457228319	0.011413623684735906	1.2405316677665155e-5	1.3197834940293788e-5	0.020732288739930917	0.02205677870495274	2.3973221150619267e-5	2.5504759286208138e-5
0.00021658605463066114	0.003850311366818198	2.46725547590393e-7	4.38610963199683e-6	0.0020505983249553164	0.036454064657199275	2.3359536950580777e-6	4.1526907536962953e-5	0.004865201123743898	0.0864900522822301	5.5422285310107805e-6	9.852575941163122e-5	0.04606286075035059	0.818872464516149	5.247283608166989e-5	0.0009328244034869632
0.1506109173493605	0.16799524492583662	0.00016906001013504375	0.00018857383189507335	0.2908790759812686	0.32445391392127887	0.00032651032474223366	0.000364197914342754	0.010472432186502395	0.011681217013370477	1.1755253355783168e-5	1.3112108347957296e-5	0.020225701106515746	0.022560261042061203	2.2703249500328725e-5	2.5323781486390965e-5
0.00023903301202155615	0.003823663951945883	2.644457674786348e-7	4.230176157682908e-6	0.002265736812518332	0.03624359707203051	2.5066182500221895e-6	4.009682914858298e-5	0.005369552102009222	0.08589341964488299	5.9404151528002825e-6	9.50251644626691e-5	0.050896701511506486	0.814163203637104	5.630777598253891e-5	0.0009007208310593613
0.15327599976070588	0.1653687859034531	0.00016716216475172504	0.00018035050677955158	0.29598576563338586	0.31933770964738556	0.0003228008389846934	0.00034826837153144227	0.010657857636975285	0.011498714609658539	1.1623414996437204e-5	1.2540450096646984e-5	0.020581005229890342	0.022204753861355005	2.2445558289400393e-5	2.4216411760733386e-5
0.00022281628729774557	0.0038390379513492754	2.3959848254208886e-7	4.128188646890204e-6	0.002112573977828597	0.0363988278158468	2.2716899445921206e-6	3.9140334024746686e-5	0.005005276814487899	0.0862389723878236	5.382266906960244e-6	9.273436502646885e-5	0.04745621461678013	0.817652116686349	5.1030546946409405e-5	0.0008792364722583678
0.1514767949638083	0.16718401410313405	0.00016063577381844878	0.0001772927231656037	0.29250239272967576	0.32283310564500944	0.00031018842332322584	0.00034235306966911606	0.010532763481406278	0.011624946770501247	1.1169622467168277e-5	1.2327844146186936e-5	0.02033881507133277	0.022447826061669417	2.1568592722829054e-5	2.3805124150004313e-5
0.00023373253692091688	0.0038280238543952037	2.444881005293043e-7	4.00417628316169e-6	0.0022162037146397084	0.03629653277031986	2.3181857507565583e-6	3.796677377363892e-5	0.005250497303943916	0.08599157477906248	5.492107045027344e-6	8.994860987783675e-5	0.04978413267573164	0.8153543788281267	5.2075026415799214e-5	0.0008528741696128833
0.15274457489922783	0.1659267567511307	0.00015762598811465888	0.00017122944631462546	0.2949484442102157	0.3204031225912975	0.0003043744106276051	0.0003306425699688186	0.010620918237757095	0.011537526082825727	1.096034168818081e-5	1.1906242499308875e-5	0.020508900642638786	0.02227886241072276	2.1164324370106573e-5	2.2990850600602633e-5
0.0002260525821514095	0.0038357677937115283	2.3018333287237115e-7	3.905860337793607e-6	0.0021434122578658263	0.036370439254090954	2.1825797013218226e-6	3.703505107467127e-5	0.005077977230101026	0.08616553427987704	5.170769172155539e-6	8.774007211289432e-5	0.048148968423956696	0.8170146105977354	4.902881409587033e-5	0.0008319442506825459
0.15187938956736452	0.16680086630406868	0.00015263088472518974	0.00016762619252973774	0.29327732381879734	0.3220905207721868	0.00029472845217385306	0.0003236842160552082	0.01056075868584875	0.011598306410406493	1.0613013037396922e-5	1.165569452034834e-5	0.020392701430420847	0.022396193944180347	2.0493603971730723e-5	2.2507009712868334e-5
0.00023132265931594408	0.0038305935571198283	2.2946461357570846e-7	3.7998252006500054e-6	0.0021933892050176136	0.03632148524421509	2.1757713137089416e-6	3.602974131762956e-5	0.005196362670772396	0.0860493019835639	5.154624089892782e-6	8.535813087445773e-5	0.049271635650105505	0.8159149243233726	4.8875872636638414e-5	0.0008093612764705563
0.023390946557279607	0.038932107624040334	2.3033291161052223e-5	3.833682267718512e-5	0.05917776641181604	0.0984960213240335	5.8272918570706214e-5	9.698998421488094e-5	0.08282846878191365	0.1378604689235355	8.156199379132026e-5	0.0001357525362447021	0.2095513221673806	0.34877915724369996	0.00020634721236463232	0.00034344620727631093
0.03148740746721989	0.055748531709108234	3.0780741239965315e-5	5.4497377430405835e-5	0.0855369260454324	0.15144333616248856	8.36172361858463e-5	0.0001480445205845403	0.06553629662968719	0.11603217300634189	6.406547730180984e-5	0.00011342808379944534	0.17803222967597404	0.3152064968088207	0.00017403668433913402	0.0003081323740460018
0.028033648600372024	0.04746321591313894	2.720687980900191e-5	4.606343002674088e-5	0.07359122177315555	0.1245958418799835	7.14208683401018e-5	0.00012092125941412915	0.0742977827228537	0.12579210624747186	7.210659138351315e-5	0.0001220822435346769	0.19503935015931861	0.33021726569145915	0.00018928724667469825	0.0003204784930637092
0.029853818020453983	0.05219804655941415	2.8765940633931802e-5	5.0295942298119564e-5	0.07963775795307124	0.13924300719839897	7.673574669504332e-5	0.0001341689721567606	0.06925500842176496	0.12108924063230872	6.67313460374822e-5	0.00011667673143349268	0.18474399468609598	0.32301649422496065	0.0001780118971708943	0.0003112457271056515
0.029018721322763577	0.04957152604199914	2.7762519377680928e-5	4.7425606284128046e-5	0.07682197910587414	0.131231927674823	7.349640460848237e-5	0.0001255509811931204	0.07212056555760028	0.12320069013164268	6.899851225531193e-5	0.00011786741080284302	0.19092655802251438	0.32615223592563797	0.0001826614690515652	0.0003120333135718319
0.029401145203396845	0.05107363707481487	2.7929859754303927e-5	4.851782169617628e-5	0.07811514984328678	0.1356962385492342	7.42061292074218e-5	0.00012890575811410257	0.07041068687731207	0.12231257806055765	6.688721123217783e-5	0.00011619183973228516	0.18707235102374595	0.32496915670534166	0.0001777109188045331	0.00030870712376897437
0.029256076972821485	0.05021028522709142	2.75972745054252e-5	4.7363391397110564e-5	0.07759730290071952	0.13317515930511248	7.319758117334676e-5	0.0001256242055987615	0.07144893989097113	0.12262312730554012	6.739782675320847e-5	0.00011567046764706157	0.18950746663011303	0.32523923016066036	0.000178762504018479	0.0003067983558771475
0.029294203875017345	0.05071636463804246	2.7440927404090184e-5	4.7507830769852784e-5	0.07776110099597255	0.134625961148946	7.284160158086374e-5	0.00012610894777531848	0.07079822355880135	0.12257129557277274	6.631922551315492e-5	0.00011481691183647985	0.18793300667871904	0.32536398445598436	0.00017604356189727875	0.0003047800689670355
0.02930430528178233	0.050415287104751606	2.7260673744214458e-5	4.6899412228616544e-5	0.07775824299527243	0.13377570659573976	7.233551769388825e-5	0.00012444642032429765	0.07121660081688969	0.12252142960850317	6.62500783203384e-5	0.00011397699713797798	0.18897147358956995	0.32510755685953274	0.0001757929300474233	0.0003024351184614512
0.029277676793355165	0.05059883833803165	2.7048963891174047e-5	4.6747088602719994e-5	0.07770160695106786	0.13428698856374677	7.178670546642026e-5	0.0001240646220105715	0.07094208819172128	0.12260492104995088	6.554174347255125e-5	0.00011327183183855075	0.18827703754869612	0.32538781860766136	0.0001739447711694028	0.0003006182293174331
0.02930793027624932	0.050485321777351856	2.68923372950432e-5	4.6324264077616205e-5	0.07777525719473985	0.1339742809806915	7.136493194760462e-5	0.000122931968209074	0.07112694094512571	0.1225220091219937	6.526457749256404e-5	0.00011242360563567841	0.18875151105314325	0.32514001096834944	0.00017319439661365915	0.0002983416010840145
0.029280712658867225	0.050557878948326425	2.6685457468938578e-5	4.60767517551092e-5	0.07770616783161939	0.1341722475316739	7.081878986018854e-5	0.00012228007722121125	0.07100158422635544	0.12259570121386365	6.470845768591237e-5	0.00011172960196467506	0.1884264595770765	0.32534871145202865	0.0001717255427368847	0.0002965118814960893
0.029303741095554555	0.05051135624297359	2.652684777169676e-5	4.5724778055815236e-5	0.07776579537790985	0.1340462223250972	7.039652067318062e-5	0.0001213436783513044	0.07108897525043643	0.1225372740672849	6.435241215669641e-5	0.00011092534584379968	0.1886547756794573	0.3251874410919136	0.00017077739321863432	0.0002943718933014124
0.02928578944004911	0.05054260977109702	2.6333511078539512e-5	4.544744737273003e-5	0.07771885819008091	0.1341303750543492	6.988407867063137e-5	0.00012060879303571362	0.07102865476404636	0.12258414913670658	6.386830960974216e-5	0.00011022653345073682	0.18849640226839914	0.32531477843922685	0.00016949422202058314	0.00029252004080610025
0.029299926687179068	0.0505221003915285	2.6171405579955336e-5	4.5127566161334154e-5	0.0777560431616018	0.1340753736553696	6.94535847683624e-5	0.0001197593775466397	0.07107186473299151	0.12254979076874392	6.348311438146898e-5	0.00010946444720460345	0.18861026652917087	0.3252222069425645	0.00016847126733727865	0.00029049636787065647
0.029289553869211702	0.050536599078156066	2.5989691258323268e-5	4.484297074485587e-5	0.07772867309049085	0.13411412158723043	6.897149149357689e-5	0.00011900436001851461	0.07104196053226686	0.12257677577394879	6.303812713789529e-5	0.00010876685155503137	0.18853128834183716	0.32529447785938886	0.00016729070024138737	0.00028864567501964887
0.029297584663497685	0.05052708043603832	2.5826582761113864e-5	4.4540935355147106e-5	0.07774991080109117	0.13408873264000123	6.853856824844057e-5	0.00011820270478387005	0.07106396226523266	0.12255803946707786	6.264473074677657e-5	0.00010803809889761938	0.18858949605418848	0.3252444440716675	0.00016624654501941368	0.0002867114353926595
0.02929194632387321	0.05053421708835773	2.5653627844206193e-5	4.425742093916405e-5	0.07773498298256327	0.13410773261587827	6.807961143521222e-5	0.00011745036760340305	0.07104894449334491	0.12257303578353065	6.222403798652485e-5	0.00010734838200773696	0.18854972728862207	0.32528438859620246	0.00016513018563217477	0.00028488119417916966
0.029296373202244354	0.05052968658327414	2.549166933382159e-5	4.396742398897984e-5	0.07774671437792635	0.13409568082970053	6.764979135920277e-5	0.00011668074854202523	0.07106039556589364	0.12256327742824534	6.183182109236471e-5	0.00010664605202499652	0.18858007574878763	0.32525842218265916	0.00016408928507119245	0.0002830172898564004
0.029293423878639382	0.050533377502399356	2.5325416441897577e-5	4.368826378117889e-5	0.07773889534239105	0.13410548938327205	6.720859625135054e-5	0.00011593992494173367	0.0710528623927858	0.12257157554528424	6.142823511997474e-5	0.00010596836366702014	0.1885601033260523	0.3252804766948059	0.00016301826515205268	0.0002812188690145545
0.4151864126832829	0.24059118962240675	0.000353126901936033	0.00020462909871107667	0.08607199144391499	0.049876783493052204	7.320647967649223e-5	4.2421508737742436e-5	0.1087743871507691	0.06303231128378757	9.251546093788701e-5	5.361062916693038e-5	0.022549938615886365	0.013067182334906873	1.917931251847129e-5	1.111398030859675e-5
1.4961693242570764e-7	4.4830228470605456e-6	1.2522314964342964e-10	3.7521036672178085e-9	8.752447295482451e-5	0.002622525442621579	7.325434358658942e-8	2.194944720632948e-6	5.4918263361735894e-5	0.001645534535296003	4.5964302299265096e-8	1.3772439657464686e-6	0.032126658249172095	0.9626219479019216	2.6888676757739496e-5	0.0008056745334758658
0.6647376630021752	0.011888853502909722	0.0005476230015828095	9.79425418929575e-6	0.17675555017856914	0.0031612784393899173	0.00014561444359576195	2.6043187924678504e-6	0.11069360332286578	0.0019797584925023955	9.119140780125495e-5	1.6309611270960466e-6	0.029433729793820043	0.0005264231606533938	2.424804303200184e-5	4.3367699377487755e-7
5.006346961836247e-9	3.4373740941309015e-6	4.060576224758314e-12	2.7880048323915294e-9	1.8184716630978211e-6	0.0012485685537366187	1.4749362872491314e-9	1.0126960482227996e-6	3.984603127114104e-6	0.0027358414566439368	3.2318544532364384e-9	2.2190017708005373e-6	0.001447340332298964	0.9937485758698802	1.173916987230019e-6	0.0008060152185466248
0.5151311289836528	0.11777689890885763	0.0004114568638885413	9.40733547964138e-5	0.08673929430778277	0.01983162057643302	6.928231668352176e-5	1.5840348115451478e-5	0.18092655532657542	0.04136610547816872	0.0001445136371310068	3.304084547348344e-5	0.030464945423756728	0.006965346482781717	2.433363118110519e-5	5.563514721692149e-6
1.8685183981874137e-8	6.7601341098380635e-6	1.470093536854023e-11	5.3186682415222164e-9	1.4966135448830105e-5	0.005414615282259882	1.1774900914194928e-8	4.260054885583671e-6	3.415688880595701e-6	0.0012357659915315233	2.687360291522398e-9	9.722631572570047e-7	0.002735839394872838	0.9898024675732218	2.1524753602505232e-6	0.0007787465254573357
0.6010488530911838	0.07421724576163088	0.00046590424787678063	5.752964985828372e-5	0.21692982251628823	0.026786398256841606	0.00016815359563819316	2.0763531398484187e-5	0.05248201130528007	0.006480455475584695	4.068153841155024e-5	5.023338317215294e-6	0.018941743818659373	0.002338918124397491	1.4682731465038367e-5	1.8130171682192145e-6
5.082261861529086e-9	4.197857631993139e-6	3.8822059330720985e-12	3.2066328436316616e-9	8.824286796883254e-7	0.0007288703472285777	6.740640189618828e-10	5.567648546152945e-7	6.9141126016831675e-6	0.005710933663835852	5.281508449489275e-9	4.36243175916445e-6	0.0012004913207057822	0.9915844145917472	9.170236904013718e-7	0.000757445208915642
0.4533911843405683	0.12412688291081513	0.0003413671926999287	9.345758590230765e-5	0.03861053339609665	0.0105705742050366	2.9070634474824297e-5	7.958794449980103e-6	0.26952356033454306	0.07378864117971418	0.00020292962090057186	5.555692779800599e-5	0.022952471919954358	0.006283798390711284	1.7281370206248374e-5	4.731196128679346e-6
7.525818368975265e-8	1.888972642437832e-5	5.5862388911560076e-11	1.4021401955456352e-8	0.00010556918339562873	0.026497756063437596	7.836153479645325e-8	1.966866434887068e-5	2.7495311970005134e-6	0.0006901294923718045	2.0409126758160647e-9	5.12266974992922e-7	0.0038569328803463054	0.9680861718278667	2.8629110351094795e-6	0.0007185877147061045
0.5507673646114641	0.04827658181633607	0.0004031237343647632	3.533512912097902e-5	0.3446320555526595	0.030208139943362453	0.0002522469015828481	2.2110275525806204e-5	0.014355848744156822	0.0012583376412092634	1.0507491415731825e-5	9.210163884235829e-7	0.008982895465115309	0.0007873805089652669	6.574860091538198e-6	5.763082410738379e-7
2.6382104945745304e-8	2.694007479015827e-5	1.9044470755453715e-11	1.9447252883953273e-8	8.246782887965079e-7	0.0008421198696497722	5.953111620904048e-10	6.079017297184232e-7	3.0279102095430118e-5	0.030919491704974055	2.1857599139405087e-8	2.231987768829774e-5	0.0009464945330824005	0.9665124735935072	6.832467497401702e-7	0.0006976971161317902
0.4853458846010601	0.16355558099073592	0.00034560710893759495	0.00011646533593929516	0.01200413243712133	0.0040452446746446135	8.547952374846281e-6	2.8805545927278127e-6	0.2440321269319822	0.0822358189635676	0.00017377140829406395	5.855882277950191e-5	0.006035683135567928	0.0020339508240091978	4.297914261005095e-6	1.4483441321128358e-6
8.788634165239154e-8	1.3451513117368221e-5	6.174543666531713e-11	9.450496352734928e-9	0.00010012133864002692	0.015324150200398484	7.03412573286503e-8	1.0766136442348608e-5	5.601044551142834e-6	0.0008572722772857773	3.9350703999043815e-9	6.02285293788205e-7	0.006380787591101061	0.9766164612962998	4.482886745240363e-6	0.0006861317552138206
0.6045217760434921	0.033891553623031485	0.00041910780812542503	2.3496613878624163e-5	0.308158688840468	0.017276427650950988	0.0002136427797192234	1.1977543261413676e-5	0.022239579442019815	0.001246826713416286	1.5418437784953515e-5	8.644102357936106e-7	0.011336762235547977	0.000635577576265821	7.859643374431188e-6	4.406384276606674e-7
1.0718620630301685e-8	1.178029815897323e-5	7.334307541967583e-12	8.060769441706856e-9	6.674221778682985e-7	0.0007335302297174912	4.5668931494575453e-10	5.019243129912692e-7	1.4347798857813557e-5	0.015768945865309737	9.817603682698303e-9	1.0790035637781954e-5	0.0008934021915307492	0.9818935248402503	6.113180657621558e-7	0.0006718690149631974
0.4463307434688929	0.16167001936606815	0.0003014793279312825	0.00010920190799833753	0.016495409333729304	0.005974970771022191	1.1142017422402152e-5	4.0358639838628344e-6	0.2611234717415541	0.09458420095664832	0.0001763789071662136	6.3888006270209e-5	0.00965055312915417	0.003495625461866405	6.5185791346799875e-6	2.361161157648132e-6
1.4442198706711566e-7	1.8280364157800066e-5	9.63134116169415e-11	1.2190970872181531e-8	0.00019775184033070346	0.025030646146977968	1.3187849566789086e-7	1.669265860655663e-5	5.5721681414455064e-6	0.0007053030140540792	3.7160167555127667e-9	4.7035870982506024e-7	0.0076297697253735275	0.9657460879219848	5.088208291725567e-6	0.0006440452895877663
0.576697982633424	0.027428501358476153	0.00037977376127362484	1.8062530892584225e-5	0.35235691779448647	0.016758550384140706	0.0002320381135556241	1.1036032558699302e-5	0.015465618118911818	0.0007355647849628191	1.0184595993591489e-5	4.843925476731228e-7	0.009449343844211493	0.0004494230052342854	6.222690145190019e-6	2.959591852937206e-7
2.271894143781971e-8	2.4498412931043507e-5	1.477597949903103e-11	1.5933314860581526e-8	7.713704457822346e-7	0.0008317883892300673	5.016850773717422e-10	5.40979790824926e-7	2.6467400353000124e-5	0.028540471607521746	1.7213907878540063e-8	1.856219509696873e-5	0.0008986409188503915	0.9690273803902191	5.84459440166506e-7	0.0006302374934956323
6.024136788635903e-8	6.504243463340951e-5	3.914494622446252e-11	4.226468779453919e-8	7.319086172766082e-7	0.0007902396653184672	4.755954997330188e-10	5.134991167810674e-7	7.026338811226536e-5	0.07586318154386987	4.5657272497392474e-8	4.9296028064194696e-5	0.0008536721698522833	0.9217074288671843	5.547176691808618e-7	0.0005989270994934285
1.4010964762999417e-7	0.0001514681811678061	9.09624083181819e-11	9.833662974432338e-8	6.501080348429213e-7	0.0007028115712650886	4.220651005595231e-10	4.562814495471778e-7	0.00016361110268807956	0.1768748730884493	1.0622009390390543e-7	0.00011483123895640921	0.0007591546638381566	0.8206984893737378	4.928606821641574e-7	0.0005328163503320927
2.596345191939549e-7	0.0002810389462878919	1.6841071504629347e-10	1.8229459644710692e-7	5.286579253318858e-7	0.0005722408050488359	3.4291148764207087e-10	3.711813184784902e-7	0.00030354077053772893	0.32856485559846316	1.9689029937415207e-7	0.00021312205496482232	0.0006180581630836331	0.6690112525749946	4.0090053321205975e-7	0.00043395101610508246
3.743166176508344e-7	0.0004056889629057983	2.4258286251628236e-10	2.629142957386701e-7	4.120576192576324e-7	0.00044659312552881636	2.670416222194075e-10	2.894230009097006e-7	0.0004381299866892296	0.47485067864041824	2.839383060049856e-7	0.00030773583501398884	0.00048230506135035214	0.5227281689266607	3.125667867024724e-7	0.0003387637351820927
4.5402581071869416e-7	0.000492701563761657	2.939785313292123e-10	3.1902081044463103e-7	3.304372146985642e-7	0.00035858519177426484	2.1395578132404135e-10	2.3218139926303989e-7	0.0005320507842676313	0.5773730198164803	3.4449915502372995e-7	0.00037384498499343254	0.000387223314360229	0.4202085608486778	2.5072438298575156e-7	0.0002720820989773964
5.035651659927467e-7	0.0005471516308895692	3.2576555413591964e-10	3.5396243876741935e-7	2.789936100635698e-7	0.0003031421135993544	1.8048609022342256e-10	1.961082006614615e-7	0.0005907943115525922	0.6419309613066783	3.821956904105072e-7	0.00041527692828952783	0.0003273217627357748	0.3556533461830197	2.1175045976055808e-7	0.00023007868141791695
5.343607274386404e-7	0.0005813457180174561	3.453812542530663e-10	3.757497565473201e-7	2.463007275971235e-7	0.0002679573291613452	1.5919518380157435e-10	1.7319281466595805e-7	0.0006276573853933859	0.6828457157199603	4.056830599199683e-7	0.00044135374784587574	0.0002893035785865283	0.3147413123426387	1.869898510526099e-7	0.0002034313968828088
5.540249280289502e-7	0.00060349890868077	3.5777387647728227e-10	3.8972279600611346e-7	2.2474610074210283e-7	0.0002448157468485427	1.451347757432573e-10	1.5809519453266747e-7	0.0006515148378449952	0.7096945890641182	4.207301464711196e-7	0.0004583010102952498	0.00026429391887152566	0.28789515334153887	1.7067365582347416e-7	0.00018591467607147386
5.668843031579306e-7	0.000618284221929925	3.657540836172389e-10	3.989173412409277e-7	2.1000316072283426e-7	0.00022904433957164882	1.3549416199923478e-10	1.4777954171788972e-7	0.0006674146569049065	0.7279297548905954	4.306163265927659e-7	0.0004696607031709567	0.00024724478466239846	0.2696626956499713	1.5952247952461585e-7	0.00017398652879215793
5.754077237350988e-7	0.0006283697671427311	3.709250900184632e-10	4.0506601289488634e-7	1.996030034501298e-7	0.00021797498995110754	1.2867008725934264e-10	1.4051322120696855e-7	0.0006782389222494752	0.7406658201849972	4.372131671371688e-7	0.0004774554193370504	0.00023527408540678274	0.256929332303923	1.5166473738315427e-7	0.0001656243595316951
5.810616651708709e-7	0.0006353411664506746	3.7423884067351775e-10	4.0919812098555925e-7	1.9207912053500424e-7	0.00021002206789126707	1.2371056584066742e-10	1.3526690868579207e-7	0.0006857003514461546	0.7497546082227362	4.4163248060628894e-7	0.00048288729439480827	0.00022666909271598494	0.24784324004947147	1.4598859907511382e-7	0.00015962603004899162
5.847566852967571e-7	0.000640183477527951	3.762861907382175e-10	4.1195288260841107e-7	1.8652092136506907e-7	0.00020420050779002132	1.2002470216792222e-10	1.314013728361612e-7	0.0006908629177516937	0.756347103508419	4.4456469191309583e-7	0.00048670323505687696	0.00022036582256534752	0.24125343440340133	1.4180362196274442e-7	0.0001552446310008386
5.870812559759687e-7	0.0006435336971206598	3.7744883395039694e-10	4.1374348288837856e-7	1.8233990149470521e-7	0.00019987330501028224	1.1723076235400017e-10	1.285034143843134e-7	0.0006944146191844278	0.7611880002462253	4.46456066551715e-7	0.0004893862990606753	0.00021567626622328182	0.23641522118282307	1.3866352292481534e-7	0.0001519971020284703
5.884287700281189e-7	0.0006458179458393052	3.779818080938206e-10	4.1484619260902637e-7	1.7914263571810474e-7	0.0001966143310874767	1.1507366873340659e-10	1.2629674847144212e-7	0.0006968156706574374	0.7647757689195235	4.4760497874809893e-7	0.0004912596777155024	0.0002121401981165654	0.23283012992555863	1.362699102045075e-7	0.00014956024921041204
5.890695927355356e-7	0.000647329307679951	3.7806029465715686e-10	4.154509277337074e-7	1.7665872656031392e-7	0.00019413049420673544	1.1337820020042142e-10	1.2459144513114921e-7	0.0006983825880076277	0.7674534940622447	4.4821652698024875e-7	0.0004925456986388658	0.00020944109180103906	0.2301550761187694	1.3441766788863268e-7	0.00014771174232611724
5.89193721405697e-7	0.0006482739233904819	3.7780732455821554e-10	4.1569118556232886e-7	1.7469814471606708e-7	0.0001922156458387337	1.1202128648450828e-10	1.2325399313370727e-7	0.000699337978548119	0.7694626718827315	4.484348713133794e-7	0.0004934007659108419	0.0002073563294095545	0.228148563575106	1.3296261857225902e-7	0.00014629517470156307
5.889370593380331e-7	0.000648799383835308	3.773108401038884e-10	4.15662483269332e-7	1.7312495507860572e-7	0.0001907221873722237	1.1091494618640331e-10	1.2218886144599205e-7	0.0006998412115274276	0.7709763541318172	4.483631506523606e-7	0.0004939368838576375	0.0002057265311916813	0.22663754056463123	1.3180160610514197e-7	0.0001451985394256505
5.883981810529111e-7	0.0006490128513084266	3.7663458049821905e-10	4.154341241386703e-7	1.7184055151147115e-7	0.00018954294880262998	1.0999540126940954e-10	1.213267329972497e-7	0.000700007992438054	0.7721203051612686	4.4807619239325826e-7	0.0004942353946577226	0.00020443598120534673	0.225496242756377	1.3085978593991226e-7	0.00014434049174403467
5.876493685666747e-7	0.0006489929918416582	3.758252461534955e-10	4.1505694374469606e-7	1.7077262057120555e-7	0.00018859925642304557	1.092159127457122e-10	1.2061675849740167e-7	0.0006999232518087913	0.7729869366810884	4.476288795156737e-7	0.0004943560246821659	0.0002033997385237479	0.22463225846104326	1.300822580388274e-7	0.0001436613027187462
5.867440748337563e-7	0.0006487980476491291	3.7491734235454446e-10	4.1456854901917504e-7	1.698676780640297e-7	0.0001878328603793044	1.0854193701018247e-10	1.2002131736944072e-7	0.0006996498644860138	0.7736447381170692	4.4706180943733463e-7	0.0004943430050377767	0.00020255491795417906	0.22397709827344323	1.2942840801884583e-7	0.0001431167386850124
4.743454427620738e-7	0.0005274233245859735	3.019136103208061e-10	3.3569686928145443e-7	1.0839225887205518e-6	0.0012052103884627777	6.899001288245553e-10	7.670979559920656e-7	0.0002728770057136583	0.3034111526791936	1.7368203537240542e-7	0.00019311655232433662	0.0006235488396666638	0.693322149663146	3.968792875902884e-7	0.0004412889309135344
1.5891303256326844e-6	0.001776702186054932	1.0075236393131346e-9	1.1264459708532585e-6	1.5996757607750045e-6	0.0017884923440854236	1.0142095448183994e-9	1.1339210424287934e-6	0.00044346491536650896	0.4958089792016589	2.8116094585248683e-7	0.00031434757682979967	0.0004464077391409087	0.49909915707367714	2.8302672392695626e-7	0.0003164335806836897
2.6237381303547065e-6	0.0029495313694721517	1.6570307319306993e-9	1.8627865591709277e-6	3.8170095265395e-6	0.004290972946518967	2.4106453370379337e-9	2.7099785454975716e-6	0.000359195224541033	0.40379699875198355	2.2685096463753277e-7	0.00025501936670141835	0.0005225565684694544	0.5874431496012177	3.300223765125048e-7	0.0003710017173168827
5.750580357616241e-6	0.006499929603863722	3.6177839322999635e-9	4.089211769868502e-6	6.924658683461354e-6	0.00782700026331604	4.356415763933861e-9	4.924093574873563e-6	0.0003950250899407737	0.44650019940584085	2.485167295071904e-7	0.00028090056076510096	0.0004756761490378292	0.5376607734709632	2.992556267278617e-7	0.0003382511653306454
1.0219119630045455e-5	0.011613472002648067	6.404301664865947e-9	7.278139485005956e-6	1.3527448600668768e-5	0.01537320740714616	8.477624759371402e-9	9.634358081340712e-6	0.0003678837413814262	0.4180798038806806	2.3055199887073852e-7	0.00026200977001655557	0.00048698210635751503	0.5534285988144783	3.0519070403440294e-7	0.0003468325868650427
1.806767367371926e-5	0.02064380564172152	1.1279615852121194e-8	1.2887890359851624e-5	2.2788333451502947e-5	0.026037548340041898	1.4226715175672306e-8	1.625519412794726e-5	0.0003683952333593918	0.42092190362448617	2.2998847494632102e-7	0.0002627807797709931	0.0004646482757738404	0.5308989341991821	2.900790744689444e-7	0.00033143924017057104
2.702167513130096e-5	0.031040318569957908	1.6805231131414106e-8	1.9304492612917983e-5	3.49265123609786e-5	0.04012075731628248	2.1721381446131706e-8	2.4951769147963997e-5	0.0003521377427160955	0.40450740604722984	2.190003442674619e-7	0.00025156991267051776	0.0004551510283496143	0.5228407509440665	2.8306602732618396e-7	0.00032516339648977705
3.556637747125454e-5	0.041074046950263544	2.2035267810581676e-8	2.5447562809706044e-5	4.540176494885809e-5	0.0524325038905473	2.8128814932860324e-8	3.248473269849776e-5	0.00034423165792044714	0.39753802001957955	2.1326987201010652e-7	0.00024629600647689564	0.000439424139652438	0.5074716354723195	2.7224669162615114e-7	0.00031440574466556746
4.072254000162524e-5	0.04727857684233471	2.513427232445976e-8	2.9180709882554254e-5	5.231358855030551e-5	0.06073570106567985	3.228835875268696e-8	3.748655291003103e-5	0.0003357313715166746	0.389781714156338	2.072160459349467e-7	0.0002405763429861972	0.0004312921746102311	0.5007271210978897	2.6619692601761565e-7	0.0003090527216969972
4.32387002002202e-5	0.05046516363273379	2.6586616915714103e-8	3.103002557615007e-5	5.536767580996e-5	0.06462124917667054	3.4044482823407304e-8	3.973432107161935e-5	0.00033191537996086297	0.3873882398033014	2.0408816672542375e-7	0.00023819732511872998	0.00042502163730442455	0.49605530172507317	2.6133735287086084e-7	0.00030501454055980893
4.404964347923538e-5	0.05168195631564453	2.6983483839786176e-8	3.165880862824945e-5	5.6498276379536485e-5	0.06628751610970136	3.4609141124641306e-8	4.06057343135786e-5	0.0003288026384618955	0.38577301097718936	2.0141458546873169e-7	0.0002363129184560958	0.0004217237842321683	0.49479424740927647	2.583352785147151e-7	0.00030309604174846594
4.4241796174778475e-5	0.052178896075022116	2.6999746557266594e-8	3.1843575339888456e-5	5.6697670777308186e-5	0.06686938883533686	3.4601279191448285e-8	4.080884383312327e-5	0.0003268459144382419	0.3854829703261701	1.9946651393284578e-7	0.00023525135507229453	0.0004188664035817819	0.49401218828162724	2.556244934853948e-7	0.00030148423059298115
4.414658499073984e-5	0.05233751049796426	2.68411709107029e-8	3.182126238329047e-5	5.659950726405995e-5	0.06710093897939583	3.4412560977363753e-8	4.0797442696697845e-5	0.0003249353710918567	0.3852236452547169	1.9756105330092144e-7	0.0002342163884996932	0.00041659353493189374	0.4938879986403367	2.5328931498883406e-7	0.00030028443162774554
4.3975880107501816e-5	0.05240498993264629	2.6638044336118262e-8	3.174391147709006e-5	5.6368575556007943e-5	0.0671730645824252	3.414482236976597e-8	4.068955682445416e-5	0.00032325211230515416	0.3852117035440172	1.958074307615657e-7	0.00023333896701357255	0.0004143467071396682	0.49376692321333004	2.5098726684558726e-7	0.00029909543959352454
4.3766223483863625e-5	0.052423715040448564	2.64129146148799e-8	3.163771052050402e-5	5.610594130570851e-5	0.06720437919828803	3.385993396577885e-8	4.055784091503459e-5	0.0003215605068842858	0.3851690879241438	1.9406175666455648e-7	0.0002324495334943041	0.0004122232509308323	0.493766025935796	2.487767200914337e-7	0.00029798778246378034
4.3551139016259614e-5	0.05243332985384957	2.618618222656543e-8	3.1526815631295084e-5	5.582712791310441e-5	0.06721298865611752	3.356741930842581e-8	4.04134451749715e-5	0.000319927213368664	0.3851758986491549	1.9236402302546786e-7	0.00023159638299109021	0.0004101067817525337	0.49374745755566013	2.4658668319358427e-7	0.0002968776750621561
4.333212382157428e-5	0.052435546148806064	2.5958761692967836e-8	3.1412304006197356e-5	5.5547938124012855e-5	0.0672177178521429	3.327682931569226e-8	4.026778669916429e-5	0.00031829965271524884	0.385169584528641	1.906822030189933e-7	0.0002307416432512905	0.00040803191384582973	0.49375323343824457	2.444376661126384e-7	0.0002957903142419774
