N <-
5
y <-
c(1, 1, 0, 1, 0)