0.010865225445984046	0.0023420268070129253	0.0021402577167973203	0.0004613379604109654	0.11033965882173621	0.023783992345292944	0.021734966056253448	0.004685026869099751	0.05074561612121308	0.010938345815750768	0.009995991066821747	0.002154661139572698	0.5153371181619634	0.11108221834736139	0.10151232014296614	0.021881237181763127
0.01090446586447502	0.0023619096186514713	0.0021611131486680892	0.0004680975662881829	0.11039661883983146	0.023911931051466613	0.021879071153820786	0.004739011451603746	0.050764627222158486	0.010995629021490356	0.01006084156166254	0.0021791804157629186	0.5139401848419257	0.1113195530231594	0.10185578137386975	0.0220619838451653
0.010943604049025269	0.0023818530222676185	0.002182063351171023	0.0004749216222080905	0.11045205653436477	0.0240396640351295	0.022023218634867732	0.004793308459491677	0.05078329242262293	0.011052879654239525	0.010125764853222783	0.0022038519952271188	0.5125477000572148	0.11155495785196368	0.10219773550025889	0.022243127956724562
0.01098263937173501	0.002401856127751988	0.002203107475480569	0.0004818101560994142	0.11050598441620813	0.02416718484870043	0.02216740003129382	0.0048479153142840115	0.050801616131235364	0.011110095567604514	0.010190758020632146	0.002228675072522778	0.5111596958163266	0.11178843318992929	0.10253817037055439	0.02242465808964157
0.01102157122514674	0.0024219180417048374	0.0022242446627024318	0.0004887631870013151	0.11055841507310886	0.024294487116040858	0.02231160690429856	0.004902829387669945	0.050819602758040816	0.011167274636047471	0.010255818148444177	0.0022536488218203323	0.5097762034831087	0.11201997965867147	0.10287707411289872	0.02260656278329478
0.011060399022095834	0.0024420378676336426	0.0022454740440859457	0.0004957807250436125	0.11060936116589852	0.02442156453327548	0.022455830846136098	0.0049580480022364285	0.050837256713502345	0.011224414755107163	0.010320942327184909	0.0022787723971166925	0.5083972537766331	0.11224959814227689	0.10321443513560373	0.022788830546169498
0.01109912219555606	0.002462214706149675	0.0022667947412382157	0.0005028627714301744	0.1106588354247319	0.02454841086957879	0.022600063481845494	0.005013568432213157	0.050854582407512755	0.011281513841609277	0.010386127653894172	0.0023040449324546663	0.5070228767712459	0.11247728978426048	0.10355024212749932	0.022971449858780028
0.011137740198480262	0.002482447655163391	0.002288205866339874	0.0005100093184254389	0.11070685064535046	0.024675019967926107	0.022744296470954526	0.00506938790423269	0.05087158424841992	0.011338569833867069	0.010451371232660009	0.002329465542148228	0.5056531018967965	0.11270305598446943	0.10388448405818265	0.02315440917658348
0.011176252503636165	0.0025027358100786256	0.0023097065223623456	0.0005172203493440852	0.11075341968537816	0.024801385745810683	0.022888521509157538	0.00512550359810556	0.0508882666420626	0.011395580691871755	0.010516670175145544	0.002355033321013398	0.5042879579390424	0.11292689839593763	0.10421715017816958	0.023337696932884004
0.011214658603437448	0.0025230782639854583	0.002331295803286496	0.0005244958385438278	0.11079855546064551	0.024927502195925533	0.02303273032996612	0.0051819126476095835	0.05090463399081924	0.011452544397473128	0.010582021601108467	0.002380747344604648	0.502927473040228	0.11314881892169137	0.1045482300189493	0.023521301541725912
0.011252958009770619	0.002543474107851765	0.002352972794322617	0.0005318357514213434	0.11084227094154729	0.02505336338681159	0.02317691470633269	0.005238612141293111	0.05092069069266912	0.01150945895455023	0.010647422638912843	0.0024066066694566385	0.5015716746998337	0.1133688197115097	0.10487771339294259	0.023705211400774168
0.011291150253817215	0.0025639224307132543	0.002374736572131489	0.0005392400444112975	0.11088457914943164	0.02517896346347116	0.023321066452245867	0.005295599123291538	0.05093644114026591	0.011566322389172162	0.010712870426032903	0.0024326103333311496	0.5002205897754951	0.11358690315864127	0.10520559039336656	0.023889414894181574
0.011329234885872126	0.0025844223198620815	0.002396586205046634	0.0005467086649884818	0.11092549315302432	0.025304296647947557	0.023465177424297705	0.005352870594156674	0.05095188972002457	0.011623132749749325	0.010778362109549298	0.0024587573554690767	0.49887424448408807	0.11380307189647958	0.10553185139400428	0.02407390039544031
0.01136721147515771	0.0026049728610338524	0.0024185207532974005	0.0005542415516730288	0.11096502606488716	0.025429357239870866	0.02360923952322203	0.005410423511698399	0.05096704081122122	0.011679888107174843	0.010843894846636854	0.0024850467368472983	0.49753266440297855	0.11401732879519952	0.10585648704888363	0.02425865627021752
0.011405079609634196	0.0026255731385929912	0.0024405392692329834	0.0005618386340386985	0.11100319103791376	0.025554139616970225	0.023753244695403606	0.005468254791838181	0.05098189878510647	0.011736586554956586	0.010909465805044425	0.0025114774604402886	0.49619587447143343	0.11422967695835669	0.10617948829186417	0.024443670879173214
0.011442838895806315	0.00264622223571645	0.0024626407975471298	0.0005694998327242043	0.11104000126186137	0.0256786382355526	0.02389718493435768	0.005526361309473764	0.050996468004032194	0.011793226209339506	0.010975072163566212	0.0025380484914862655	0.4948638989921909	0.11444011971945194	0.10650084633613457	0.024628932580758996
0.011480488958526379	0.002666919234575644	0.002484824375503491	0.0005772250594475799	0.11107546995992144	0.02580284763094856	0.024041052282179606	0.0055847398993547105	0.05101075282059219	0.011849805209418812	0.011040711112504804	0.0025647587777578073	0.4935367616331866	0.11464866063846367	0.10682055267362156	0.024814429733997074
0.011518029440794058	0.002687663216516575	0.0025070890331614854	0.0005850142170235408	0.11110961038532946	0.025926762417925426	0.024184838830964183	0.005643387356968156	0.051024757576776596	0.011906321717243634	0.01110637985412554	0.002591607249836657	0.492214485429435	0.11485530349834949	0.10713859907431228	0.02500015070123787
0.011555460003552839	0.0027084532622381253	0.0025294337936025923	0.000592867199383836	0.11114243581801383	0.026050377291067454	0.024328536724194112	0.005702300439434194	0.05103848660314076	0.01196277391791168	0.011172075603102334	0.0026185928213926643	0.4908970927850605	0.11506005230151975	0.10745497758549029	0.02518608385089506
0.011592780325483424	0.002729288451968404	0.0025518576731569558	0.0006007838916005517	0.11117395956128685	0.02617368702512439	0.024472138158098025	0.005761475866410597	0.051051944217987956	0.01201916001965469	0.011237795586954763	0.002645714389466629	0.4895846054754764	0.11526291126628463	0.10776968053088827	0.0253722175601574
0.011629990102794276	0.0027501678656391636	0.0025743596816301803	0.0006087641699123493	0.11120419493857597	0.026296686475327676	0.024615635382976814	0.005820910321006038	0.051065134726566874	0.012075478253914989	0.011303537046476232	0.002672970834756924	0.4882770446497119	0.11546388482327766	0.10808270050975749	0.025558540217675625
0.011703913660059904	0.0027852859233961206	0.0026056843292804064	0.0006200982076555605	0.11147865934748188	0.02652958229683518	0.024818894273134565	0.0059063761798858385	0.05106899158203015	0.012153348658138984	0.01136967299507299	0.0027057436569155042	0.486427265370259	0.11575948476237452	0.1082950489489101	0.02577194980856936
0.011777769606541932	0.002820619380116385	0.0026371849727736506	0.0006315707720267654	0.11175009649637588	0.026762663767210572	0.02502219732864823	0.005992483897721956	0.05107233638651994	0.012231146185745228	0.011435713428131562	0.0027387014688187374	0.4845856821922248	0.11605183427591463	0.10850459142864995	0.025985408412579694
0.011851553875592974	0.0028561660503497424	0.002668859679464251	0.000643182024032414	0.11201851036438855	0.026995908694505227	0.025225526441798086	0.00607922749890538	0.05107517924486607	0.012308866373643815	0.011501655220819081	0.0027718421997122047	0.4827523509289854	0.1163409363804547	0.10871133845278014	0.026198896569701993
0.011925262454066405	0.0028919237122888657	0.002700706490301609	0.0006549320964061844	0.11228390552088002	0.027229294963945255	0.025428863604863412	0.006166600854171389	0.051077530228731544	0.012386504817196003	0.011567495300723872	0.0028051637505509563	0.4809273255438618	0.11662679475483657	0.10891530098080224	0.02641239492637392
0.01199889138282428	0.002927890108648538	0.002732723420562297	0.0006668210935044954	0.11254628711558488	0.0274628005452681	0.025632190915432316	0.0062545976832253354	0.05107939937371617	0.01246405717082254	0.011633230648009555	0.00283866399479958	0.4791106581592157	0.11690941372971024	0.10911649041734474	0.026625884241331273
0.012072436757209837	0.0029640629475546896	0.0027649084605871135	0.0006788490912170112	0.11280566086861978	0.027696403499932156	0.02583549058159266	0.0063432115574400035	0.0510807966765278	0.012541519148571934	0.01169885829553963	0.0028723407792376897	0.47730239906620703	0.11718879827688433	0.10931491860154419	0.02683934539133426
0.012145894727484287	0.00300043990344238	0.002797259576522436	0.0006910161368920939	0.11306203306036149	0.027930081988195715	0.026038744927002862	0.006432435902622004	0.05108173209222019	0.012618886524648484	0.011764375328972742	0.002906191924770124	0.47550259673519785	0.11746495399851581	0.10951059779638934	0.02705275937676208
0.012219261499228863	0.0030370186179620503	0.0028297747110653977	0.0007033222492771886	0.11331541052120521	0.02816381427606172	0.026241936395839993	0.006522264001844266	0.051082215531499726	0.012696155133901129	0.011829778886829817	0.002940215227241339	0.47371129782678556	0.117737887116149	0.10970354067803541	0.027266107327073467
0.01229253333371208	0.0030737967008933453	0.002862451784212325	0.0007157674184741155	0.11356580062121424	0.02839757874208549	0.026445047557624113	0.006612688998342192	0.051082256858099764	0.012773320872272776	0.011895066160532784	0.002974408458253289	0.4719285472034406	0.11800760445961464	0.10989376032509682	0.02747937050613152
0.012365706548223021	0.0031107717310657384	0.002895288694009918	0.0007283516059092117	0.11381321125966812	0.028631353884041966	0.02664806111191701	0.006703703898470409	0.051081865886224716	0.012850379697211391	0.011960234394416416	0.0030087693659863906	0.4701543879417372	0.118274113455801	0.11008127020792655	0.027692530317391054
0.012438777516370675	0.003147941257285274	0.0029282833173085937	0.0007410747443182436	0.11405765085452144	0.028865118325450058	0.02685095989289425	0.006795301574717476	0.05108105237806214	0.012927327628042455	0.012025280885712761	0.0030432956760226984	0.46838886134515184	0.11853742211730524	0.11026608417789026	0.02790556830894667
0.012511742668350215	0.003185302799266702	0.0029614335105175513	0.0007539367377460301	0.11429912833177917	0.029098850821950854	0.027053726873788854	0.006887474768775699	0.051079826041365343	0.013004160746304038	0.012090202984509801	0.0030779850921709945	0.4666320069574143	0.11879753903097824	0.11044821645664178	0.02811846617844044
0.012584598491176392	0.003222853848570285	0.0029947371103609503	0.0007669374615606688	0.11453765311480141	0.029332530267538116	0.027256345171206262	0.006980216094663091	0.05107819652710401	0.013080875196044362	0.01215499809368405	0.0031128352972930014	0.4648838625763904	0.11905447334637093	0.11062768162540844	0.028331205777827502
0.01265734152888477	0.0032605918695426707	0.0030281919346348387	0.000780076762482288	0.11477323511354248	0.02956613570063783	0.02745879804930887	0.007073518041894793	0.05107617342718604	0.013157467184083149	0.012219663668808561	0.0031478439541303685	0.4631444642684779	0.11930823476409351	0.11080449461429283	0.028543769117999038
0.012729968382701155	0.0032985143002609955	0.0030617957829641466	0.0007933544586261632	0.1150058847137376	0.02979964631003566	0.027661068923870016	0.007167372978700996	0.05107376627224702	0.013233932980236335	0.012284197218035888	0.003183008706131598	0.4614138463834954	0.11955883352409738	0.1109786706915986	0.02875613837326116
0.012802475711179925	0.0033366185534796995	0.0030955464375594533	0.000806770339560122	0.11523561276604112	0.030033041440649454	0.02786314136619617	0.007261773155288377	0.051070984529511296	0.013310268917505872	0.012348596301957926	0.003218327178278724	0.45969204157004706	0.11980628039388934	0.11115022545318635	0.028968295885669175
0.012874860230311733	0.0033749020175792427	0.0031294416639729016	0.0008203241663760544	0.11546243057512903	0.030266300599146093	0.028064999106917565	0.0073567107071423644	0.05106783760072069	0.013386471392234164	0.012412858533441942	0.003253796977912871	0.4579790807913425	0.12005058665668832	0.11131917481186794	0.0291802241692167
0.012947118713601085	0.0034133620575161746	0.0031634792118528507	0.0008340156717753862	0.1156863498887714	0.0304994034594004	0.02826662603964594	0.007452177658367212	0.05106433482013352	0.01346253686422452	0.012476981577444375	0.00328941569555837	0.45627499334145316	0.12029176409953381	0.1114855349868431	0.029391905913878757
0.013019247992114713	0.003451996015773868	0.0031976568156968804	0.0008478445601683964	0.11590738288688388	0.030732329867795165	0.028468006224500096	0.007548165925061063	0.05106048545259252	0.013538461856827952	0.012540963150802796	0.003325180905744949	0.4545798068619861	0.12052982500135512	0.11164932249318764	0.029603323989508906
0.013091244954500874	0.003490801213313244	0.0032319721956025256	0.0008618105077871196	0.11612554217056618	0.030965059848360812	0.028669123891498366	0.007644667318723008	0.05105629869166161	0.013614242956996984	0.012604801022006333	0.0033610901678273095	0.45289354735915766	0.12076478212101138	0.11181055413139666	0.02981446144958999
0.013175221877053769	0.0035200380096680407	0.0032611260344028357	0.0008712785031277945	0.11657511392530077	0.031145496890121648	0.02885462897952254	0.007709121843305238	0.0510590511198838	0.013641500868580854	0.012638117403468974	0.0033765392375165056	0.45177339378129994	0.12070077701207677	0.11182278293746487	0.029875811577205563
0.013259214481692552	0.0035493395365451094	0.0032903658250657674	0.0008807931667994263	0.11702275309621642	0.03132564789665707	0.02904000595770948	0.0077736762935330635	0.051061630308759265	0.013668612383151863	0.012671296898625705	0.003391960747274417	0.4506581113506093	0.1206360040626843	0.11183392880657607	0.029936659188100102
0.0133432183570377	0.003578704108995843	0.003319689900164094	0.0008903540036908111	0.11746844179770835	0.03150550220270296	0.02922524307025131	0.00783832615665371	0.05106404077679146	0.013695578357484455	0.012704339829593861	0.0034073543528774794	0.4495477134105769	0.12057048053354968	0.11184400673948579	0.02999700640243562
0.013427229118993873	0.0036081300413541356	0.0033490965871459453	0.0008999605131027487	0.11791216259128519	0.03168504926193803	0.029410328655139636	0.007903066925148238	0.051066287011929286	0.01372239965783506	0.012737246533459234	0.0034227197178379404	0.4484422127396476	0.12050422356377342	0.11185303169467833	0.030056855386731238
0.01351124241153954	0.003637615647644909	0.0033785842087703673	0.0009096121888992678	0.11835389848543125	0.031864278648622506	0.029595251146391534	0.007967894097892059	0.051068373470782344	0.013749077159509328	0.012770017361883228	0.0034380565133381104	0.44734162155324464	0.12043725016843308	0.11186101858513758	0.030116208352480394
0.013595253907495171	0.00366715924198795	0.003408151083539921	0.0009193085196595176	0.11879363293528551	0.0320431800591666	0.02977999907620928	0.008032803181300365	0.051070304577858674	0.013775611746433315	0.012802652680711223	0.003453364418162751	0.4462459515059651	0.12036957723625996	0.11186798227518853	0.030175067554776183
0.0136792593092703	0.0036967591389970036	0.003437795526130096	0.0009290489888302573	0.11923134984214061	0.032221743313629383	0.02996456107707402	0.008097789690457761	0.05107208472482569	0.013802004310729017	0.012835152869582431	0.00346864311862976	0.44515521369394734	0.1203012215273993	0.11187393757741207	0.03023343529094486
0.013763254349588817	0.003726413654173899	0.0034675158478153817	0.0009388330748788106	0.11966703355276545	0.03239995835714785	0.03014892588377297	0.008162849150232047	0.05107371826979349	0.013828255752294181	0.012867518321541293	0.003483892308519086	0.44406941865740224	0.12023219967125347	0.11187889924963192	0.030291313899189112
0.013847234792192971	0.003756121104297542	0.0034973103568917718	0.0009486602514464311	0.12010066885855294	0.03257781526129659	0.030333082335359703	0.008227977096371299	0.05107520953662146	0.013854366978386495	0.012899749442650632	0.0034991116890000424	0.44298857638330846	0.12016252816440876	0.11188288199197442	0.030348705757240413
0.013931196432525808	0.003785879807807769	0.0035271773590956172	0.0009585299875019971	0.12053224099449891	0.032755304225378694	0.03051701937704808	0.008293169076584313	0.05107656281424774	0.013880338903212679	0.012931846651607107	0.003514300968557185	0.4419126963082659	0.12009222336864435	0.11188590044400161	0.03040561328102221
0.014015135098391989	0.0038156880851838095	0.0035571151580184933	0.0009684417474959038	0.12096173563801335	0.03293241557764774	0.0307007260620392	0.008358420651603686	0.05107778235604148	0.013906172447522168	0.01296381037935845	0.003529459862914607	0.4408417873215047	0.12002130150902349	0.1118879691819173	0.030462038923323602
0.014099046650597078	0.003845544259317304	0.0035871220555181438	0.0009783949915141324	0.12138913890756918	0.033109139776461745	0.030884191553281825	0.008423727396231376	0.051078872379177964	0.013931868538205768	0.01299564106872334	0.003544588094958948	0.4397758577680463	0.11994977867206605	0.11188910271584647	0.030517985172484406
0.014182926983565337	0.003875446655879723	0.0036171963521251377	0.0009883891754323723	0.1218144373611906	0.03328546741136943	0.03106740512516613	0.008489084900366541	0.05107983706403654	0.013957428107899534	0.013027339174013892	0.0035596853946611474	0.43871491545201036	0.1198776708040025	0.11188931548718843	0.030573454551092324
0.014266772025935839	0.0039053936036841145	0.0036473363474452095	0.000998423751070119	0.1222376179947863	0.033461389204129124	0.031250356165150914	0.008554488770014893	0.05108068055362147	0.013982852094593507	0.013058905160660574	0.003574751498996907	0.4376589676400687	0.11980499370910777	0.11188862186604258	0.030628449614692004
0.0143505777411374	0.003935383435041095	0.003677540340557125	0.0010084981663446835	0.12265866824032935	0.03363689600966092	0.031433034175324594	0.0086199346282799	0.051081406953005566	0.014008141441246126	0.013090339504840324	0.0035897861518660807	0.4366080210650363	0.11973176304811509	0.11188703614870812	0.030682972950507256
0.014434340127941802	0.003965414486108899	0.003707806630405865	0.0010186118654250205	0.12307757596388952	0.03381197881693311	0.031615428773900014	0.00868541811633501	0.05108202032879579	0.0140332970954038	0.013121642693107526	0.003604789104011012	0.43556208192960105	0.11965799433670894	0.11188457255525663	0.030737027176176105
0.014518055220995828	0.003995485097237488	0.003738133516191052	0.0010287642888853036	0.12349432946352024	0.033986628749782845	0.03179752969664352	0.008750934894377081	0.051082524708622026	0.014058320008825906	0.013152815222028049	0.0036197601129338342	0.43452115591018364	0.11958370294409597	0.1118812452271773	0.030790614938499865
0.014601719091332104	0.004025593613306652	0.0037685192977505557	0.0010389548738581789	0.1239089174670045	0.03416083706767216	0.03197932679823849	0.008816480642560454	0.051082924080647914	0.01408321113711581	0.013183857597816996	0.003634698942812948	0.4334852481609278	0.11950890409165384	0.11187706822509574	0.030843738912205754
0.014685327846858845	0.004055738384057925	0.003798962275939008	0.0010491830541876194	0.12432132912946389	0.034334595166379954	0.03216081005358368	0.00888205106191177	0.05108322239310414	0.014107971439357072	0.01321477033597959	0.003649605364418636	0.43245436331781323	0.11943361285165617	0.11187205552656428	0.0308964017987243
0.014768877632828354	0.004085917764420315	0.0038294607530012007	0.0010594482605812956	0.12473155403083383	0.034507894578630606	0.03234196955902688	0.008947641875225005	0.051083423553843384	0.014132601877755812	0.01324555396095576	0.0036644791550278803	0.4314285055028895	0.11935784414607392	0.11186622102392509	0.030948606324981177
0.014869094205482363	0.00413247257353223	0.0038647815169642013	0.0010741140920110766	0.12485356824363968	0.034699756376836935	0.03245199446628925	0.009019175965602106	0.051226062901039086	0.014236933135478344	0.013314700838588097	0.0037004699331291196	0.43013761644671616	0.11954540594377226	0.11180155877829927	0.031072294582619824
0.014969398618542273	0.004179270607657592	0.0039002157765119926	0.0010888919170145201	0.12497333507173625	0.03489100660057863	0.03256129290901137	0.00909070951142943	0.05136840434901019	0.014341421985527606	0.013383828312788075	0.0037365990251796537	0.4288536214712969	0.11973061716603822	0.11173606254327505	0.031195324134402274
0.01506978611607678	0.0042263093576331056	0.003935761657523937	0.001103781181397242	0.12509087203537667	0.03508163413637292	0.032669863664345065	0.009162236905931934	0.051510446278907406	0.014446063099207332	0.013452934093748713	0.003772864512481439	0.4275765159723069	0.11991348892670078	0.11166975060290907	0.031317691459080636
0.015170251952621734	0.004273586279713698	0.003971417276393112	0.0011187813120320917	0.1252061967670344	0.03527162807248293	0.03277770563765367	0.009233752579129877	0.05165218708508061	0.014550851148247205	0.013522015902822707	0.0038092644615824373	0.4263062947022849	0.12009403256354045	0.11160264108357117	0.03143939317580919
0.015270791393858738	0.004321098796282291	0.004007180740428251	0.001133891717027424	0.12531932700522733	0.035460977699621345	0.03288481786089563	0.009305250999095196	0.051793625174951785	0.01465578080574038	0.013591071472660737	0.0038457969247303668	0.4250429517815465	0.12027225963221103	0.11153475195259044	0.031560426043132445
0.015371399717284644	0.004368844296566896	0.004043050148255012	0.0011491117859017007	0.12543028058842212	0.03564967251156193	0.03299119949099016	0.009376726673176006	0.05193475896889562	0.014760846747072748	0.013660098547347758	0.0038824599403276885	0.4237864807090827	0.12044818190019013	0.11146610101698633	0.03168078695793847
0.015472072212872619	0.004416820137364799	0.0040790235902166605	0.0011644408897643072	0.12553907544902065	0.035837702205659815	0.03309684980816602	0.009448174149188835	0.05207558690012816	0.014866043650844105	0.013729094882537514	0.003919251533387537	0.4225368743734314	0.120621811340761	0.11139670592227921	0.03180047295437725
0.015572804183724474	0.004465023643773379	0.0041150991487740205	0.0011798783815024686	0.12564572960742978	0.036025056683282354	0.033201768214295095	0.009519588016578765	0.052216107414603564	0.014971366199780659	0.01379805824558551	0.003956169715990538	0.42129412506352387	0.12079316012702615	0.11132658415138243	0.03191948120274676
0.015673590946714257	0.00451345210992724	0.004151274898904505	0.0011954235959741163	0.12575026116621496	0.03621172605015166	0.033305954231211375	0.009590962907547004	0.052356318970919066	0.015076809081639126	0.013866986415680155	0.003993212487742293	0.420058224479498	0.12096224062595756	0.1112557530235719	0.032037809008346754
0.015774427833122967	0.004562102799741157	0.00418754890850011	0.0012110758502065575	0.12585268830433782	0.03639770061659996	0.03340940749901662	0.009662293498145985	0.05249622004022767	0.015182366990101885	0.013935877183972378	0.004030377836231324	0.41882916374347645	0.12112906539248344	0.11118422969353342	0.032155453810302326
0.015875310189264087	0.004610972947658503	0.004223919238764242	0.001226834443600819	0.12595302927148158	0.036582970897739875	0.03351212777437445	0.009733574509341843	0.052635809106157325	0.015288034625662908	0.014004728353703196	0.004067663737487254	0.4176069334103056	0.12129364716361529	0.11111203115048521	0.03227241318035789
0.0159762333771009	0.004660059759404888	0.004260383944607374	0.0012426986581415462	0.12605130238246132	0.036767527613550566	0.033614114928792946	0.009804800708044244	0.05277508466473969	0.015393806696504808	0.014073537740330157	0.004105068156439231	0.4163915234782494	0.12145599885261557	0.11103917421737436	0.03238868482164304
0.016077192774853966	0.004709360412746368	0.004296941075041214	0.0012586677586122756	0.12614752601172172	0.03695136168888109	0.03371536894689751	0.00987596690810343	0.05291404522434451	0.015499677919366276	0.01414230317165177	0.004142589047374236	0.41518292339963864	0.12161613354320966	0.11096567555014591	0.03250426656741143
0.01617818377760021	0.004758872058252124	0.004333588673571424	0.0012747409928159478	0.1262417185879239	0.03713446425337328	0.03381588992469519	0.009947067971274608	0.053052689305622076	0.015605643020400047	0.014211022487930415	0.004180224354395133	0.41398112209146676	0.12177406448384244	0.11089155163708281	0.03261915637975372
0.016279201797862596	0.004808591820061029	0.004370324778588752	0.001290917591800546	0.12633389858861932	0.037316826641304715	0.03391567806783089	0.010018098808149639	0.05319101544145244	0.01571169673602119	0.014279693542013706	0.004217972011878428	0.4127861079459331	0.12192980508198231	0.11081681879821542	0.03273335234828579
0.01638024226619078	0.004858516796651794	0.004407147423758329	0.0013071967700896481	0.12642408453501336	0.0374984403913538	0.03401473368983687	0.010089054379055992	0.053329022176901934	0.015817833813745415	0.014348314199454149	0.004255829944931387	0.4115978688409301	0.12208336889847382	0.11074149318479909	0.0328468526888136
0.016481300631732653	0.0049086440616164	0.004444054638407259	0.0013235777259178185	0.1265122949868177	0.03767929724628896	0.03411305721037673	0.010159929694923147	0.053466708069185936	0.01592404901301751	0.014416882338627247	0.004293796069848484	0.4104163921504663	0.12223476964194076	0.11066559077885747	0.032959655741975354
0.016582372362796794	0.004958970664436288	0.004481044447910187	0.0013400596414706158	0.1265985485371934	0.03785938915258267	0.0342106491534845	0.010230719818116454	0.05360407168763901	0.016030337106029628	0.014485395850848074	0.004331868294566953	0.40924166475502993	0.12238402116324087	0.11058912739279207	0.03307175997186258
0.016683452947405406	0.005009493631261054	0.004518114874072812	0.0013566416831291225	0.12668286380778196	0.03803870825995228	0.03430751014579954	0.010301419863238487	0.05374111161369067	0.016136692878529153	0.014553852640486177	0.004370044519121317	0.40807367305188297	0.12253113744997446	0.11051211866905364	0.0331831639646208
0.01678453789383836	0.005060209965689245	0.004555263935513269	0.0013733230017187994	0.12676525944382927	0.03821724692082993	0.03440364091479938	0.010372024997898256	0.05387782644084803	0.016243111130616168	0.014622250625078888	0.004408322636096668	0.4069124029652883	0.1226761326210473	0.1104345800798768	0.03329386642703129
0.01689739330970541	0.005113240593533646	0.004599903194640911	0.0013919550376834473	0.127264551267661	0.038510926373826214	0.03464467005123303	0.010483660408957629	0.05383072601124082	0.016289462426252954	0.01465410220443424	0.004434408839289211	0.4054319541877557	0.12268585385165832	0.11036896088620898	0.033398231355918545
0.017010066819923186	0.005166408352174935	0.004644630719077718	0.0014106975118819524	0.12776016241394675	0.038804149164043164	0.03488515249846943	0.01059554586957246	0.05378355901033898	0.016335493059630647	0.014685701884966356	0.004460437085830565	0.4039605668281569	0.12269353603983874	0.11030219209888897	0.033501700643259275
0.01712255078294828	0.005219708521269911	0.00468944271949647	0.0014295489283839159	0.12825207745269393	0.03909688866083345	0.03512506860074703	0.010707669798129251	0.053736335833606166	0.016381204740348824	0.014717051918355106	0.004486406393532841	0.40249824881342544	0.12269921495691447	0.11023430483195776	0.03360427704735711
0.01723483767978082	0.005273136384443064	0.004734335417771536	0.0014485077731191038	0.12874028201773688	0.039389118590168394	0.03536439902567268	0.0108200206280451	0.05368906671934296	0.016426599218668066	0.014748154571521146	0.004512315805893191	0.4010450065814141	0.12270292620652966	0.11016532990074286	0.03370596347915057
0.01734692011487197	0.005326687230932464	0.004779305048166331	0.001467572514556804	0.12922476279553105	0.039680813040298746	0.0356031247672196	0.010932586812125517	0.0536417617477426	0.016471678283769574	0.014779012125254948	0.004538164391839229	0.3996008451000807	0.12270470521389915	0.1100952978160667	0.033806762997644554
0.017458790816939115	0.005380356357205816	0.004824347858493361	0.0014867416043860802	0.1297055075135096	0.03997194646709602	0.03584122714847332	0.0110453568268455	0.05359443084005016	0.01651644376203404	0.01480962687287051	0.004563951245465732	0.3981657678870761	0.1227045872154249	0.11002423877876281	0.03390667880536709
0.017570442639691826	0.0054341390685461715	0.0048694601112468676	0.0015060134781964662	0.13018250492802333	0.04026249369907643	0.036078687824129096	0.011158319176552042	0.053547083757826436	0.016560897515341275	0.014840001118884965	0.00458967548576318	0.39673977702970287	0.12270260724867084	0.10995218267449396	0.034005714243854304
0.01768186856246881	0.005488030680606524	0.004914638084707399	0.0015253865561584983	0.13065574481188244	0.04055242994210965	0.036315488782743946	0.011271462397585747	0.05349973010231332	0.016605041439391247	0.014870137177723957	0.004615336256338645	0.39532287320523196	0.12269880014269914	0.10987915906887145	0.034103872789167204
0.017793061690788117	0.005542026520932694	0.0049598780740182915	0.0015448592437035712	0.13112521794152313	0.040841730783816116	0.03655161234874714	0.011384775062320086	0.053452379313898325	0.016648877462047244	0.014900037372453469	0.004640932725129429	0.3939150557015478	0.122693200508763	0.10980519720286891	0.03420115804744275
0.017904015256812164	0.005596121930454064	0.005005176392233724	0.0015644299322026627	0.13159091608381657	0.041130372197655446	0.03678704118421302	0.011498245783116348	0.053405040671677846	0.01669240754170248	0.014929704033538523	0.004666464084110111	0.3925163224381013	0.12268584273135497	0.10973032598852839	0.034297573750482396
0.0180147226197288	0.0056503122649415125	0.005050529371338068	0.0015840969996433083	0.13205283198254228	0.04141833054670992	0.03702175829040001	0.011611863216192904	0.05335772329311541	0.016735633665670293	0.014959139497628615	0.004691929548993213	0.3911266699871523	0.12267676095960937	0.1096545740049537	0.03439312375138051
0.018125177266050948	0.005704592896432272	0.005095933363236637	0.0016038588113045065	0.13251095934454593	0.041705582587166605	0.0372557470090603	0.01172561606540736	0.053310436133794006	0.016778557848599024	0.014988346106370893	0.0047173283589242755	0.3897460935952722	0.12266598909905342	0.10957796949458609	0.03448781202019561
0.01823537280983591	0.00575895921462119	0.00514138474071739	0.0016237137204289285	0.13296529282559924	0.04199210547150199	0.037488991023524196	0.011839493085950146	0.053263187987260374	0.016821182130912188	0.015017326205250555	0.0047426597761714845	0.38837458720509405	0.12265356080370712	0.10950054035975884	0.03458164263966628
0.018345302992826395	0.005813406628218058	0.005186879898383721	0.0016436600688920703	0.1334158280159842	0.042277876751373795	0.0377214743595637	0.011953483087948712	0.053215987484958135	0.016863508577274366	0.01504608214245922	0.004767923085810525	0.38701214347728213	0.12263950946852592	0.10942231415952432	0.03467461980097464
0.018454961684515245	0.005867930566270796	0.0052324152535581986	0.0016636961878678746	0.1338625614258191	0.042562874380223784	0.037953181386040064	0.012067574939980924	0.05316884309624867	0.016905539275083488	0.015074616267791044	0.00479311759540494	0.38565875381270254	0.12262386822218445	0.1093433181067498	0.034766747799559114
0.018564342882135727	0.005922526479454137	0.005277987247157296	0.001683820398490407	0.1343054904701459	0.04284707671559688	0.03818409681533985	0.01218175757249717	0.05312176312851735	0.016947276332990237	0.015102930931567109	0.004818242634682617	0.38431440837477393	0.1226066699201957	0.10926357906547679	0.034858031030978766
0.018673440710579005	0.005977189841323592	0.005323592344537009	0.0017040310125111394	0.13474461345379887	0.04313046252118089	0.03841420570360438	0.01229601998114999	0.05307475572736211	0.016988721879444342	0.015131028483587682	0.004843297555208505	0.3829790961119804	0.12258794713836342	0.10918312354853779	0.03494847398683088
0.018782249422241225	0.006031916149534674	0.005369227036309548	0.0017243263329515062	0.1351799295560696	0.04341301096857211	0.0386434934507573	0.012410351230030996	0.053027828876863206	0.01702987806126921	0.015158911272112979	0.0048682817300543845	0.38165280478052077	0.12256773216656205	0.10910197771542633	0.03503808125072401
0.0188907633968018	0.006086700927027002	0.005414887839131013	0.0017447046547502615	0.1356114388151922	0.04369470163877233	0.03887194580033563	0.012524740454814174	0.052980990399930816	0.017070747042264217	0.015186581642871667	0.00489319455346562	0.38033552096708234	0.12254605700284002	0.10902016737041348	0.03512685749430737
0.01899897714093511	0.0061415397231734704	0.0054605712964604	0.0017651642654053822	0.1360391421126598	0.04397551452342128	0.039099548839128966	0.012639176865805353	0.052934247958729634	0.01711133100183578	0.015214041938098239	0.004918035440525744	0.3790272301117133	0.12252295334784143	0.10893771796090719	0.035214807473359054
0.019099453395349502	0.006222872987722208	0.005522379372242399	0.0017992695765758947	0.13584387516107077	0.0442598625096342	0.03927763787300999	0.012797211872094838	0.05302224649751735	0.01727540043413433	0.015330750795158212	0.004994976192769993	0.3771179878750903	0.12287039274660394	0.10903917269433716	0.03552651001668894
0.019199517022244497	0.006304575915433973	0.005584361633486138	0.001833745703954921	0.13564646214349388	0.044542444336119175	0.03945406012216982	0.012955592420586684	0.05310939423969337	0.017439616185080234	0.01544737105762683	0.005072477782323962	0.37522305518684707	0.12321259091599789	0.10913718459465303	0.03583755074028856
0.019299165365726772	0.006386639629232633	0.005646512125423436	0.001868590554243063	0.1354469805841005	0.044823236521645486	0.0396288131495222	0.013114295034212367	0.05319570145955251	0.017603962068212083	0.015563894480389986	0.005150532854139852	0.3733424221311283	0.12354956617402774	0.10923179699999348	0.03614789086844957
0.019398395900707497	0.006469055205263405	0.005708824898792205	0.001903801923442655	0.13524550703333788	0.045102216479177684	0.03980189506151567	0.013273296294445396	0.05328117841745887	0.01776842200501018	0.015680312926054117	0.005229133917756047	0.37147607602647925	0.12388133820705624	0.10932305346176821	0.036457492241734654
0.019497206230415582	0.006551813677096099	0.005771294011814579	0.0019393774982059883	0.135042117054242	0.045379362511935466	0.03997330449744634	0.013432572853260199	0.05336583535465019	0.017932980029765188	0.015796618365625743	0.005308273351405596	0.36962400148477426	0.12420792803294445	0.10941099771844344	0.03676631732797486
0.0195955940838989	0.006634906039890789	0.005833913532133976	0.001975314857249522	0.13483688520985215	0.04565465380883753	0.040143040618651066	0.013592101444840451	0.053449682488208486	0.01809762029428089	0.015912802879114427	0.005387943406164944	0.36778618047040346	0.12452935796401818	0.10949567366988663	0.03707432923256862
0.01969355731351648	0.00671832325452264	0.0058966775387105696	0.0020116114728318097	0.13462988505170126	0.045928070439349655	0.04031110309759468	0.013751858897028891	0.05353273000619689	0.018262327072411235	0.016028858656061323	0.005468136210138293	0.3659625923596605	0.12484565156990823	0.10957712535227987	0.03738149170808759
0.019791093892424526	0.006802056251663268	0.005959580123674776	0.002048264712292978	0.134421189109362	0.04619959334775981	0.04047749210686724	0.013911822142512076	0.05361498806296171	0.018427084764431046	0.01614477799599503	0.005548843772673362	0.3641532140002727	0.12515683364030472	0.10965539691360898	0.03768776916319589
0.01988820191205949	0.006886095935815939	0.006022615394138648	0.0020852718396535065	0.13421086888101974	0.046469204346900814	0.04064220830810398	0.014071968229733162	0.053696466774600715	0.018591877901241793	0.016260553308817278	0.005630057988604258	0.36235801977101395	0.1254629301476707	0.10973053258973664	0.03799312667088953
0.01998487957962098	0.006970433189301916	0.006085777473964777	0.0021226300172700174	0.1339989948250532	0.04673688611134284	0.04080525284084286	0.014232274333527006	0.05377717621459594	0.018756691148412035	0.016376177115120214	0.005711770642517197	0.3605769816413516	0.12576396820995275	0.10980257668106333	0.03829752997606346
0.020081125215557057	0.007055058876195809	0.006149060505492641	0.002160336307545779	0.13378563635259166	0.04700262217007812	0.04096662731133221	0.014392717765472225	0.05385712640961093	0.01892150931005412	0.016491642046437806	0.005793973413035039	0.3588100692310677	0.1260599760533317	0.10987157352978211	0.038600945502415024
0.020176937251054936	0.007139963846207364	0.006212458651222324	0.0021983876746936087	0.133570861821029	0.04726639689871877	0.0411263337813021	0.01455327598395542	0.053936327335451194	0.01908631733253729	0.016606940845433002	0.0058766578771164285	0.357057249869807	0.12635098297504777	0.10993756749773091	0.038903340358692924
0.02027231422553904	0.0072251389385076786	0.006275966095455357	0.002236780986548801	0.1333547385284643	0.04752819551123044	0.04128437475671097	0.014713926603943248	0.05401478891318669	0.019251100308039	0.016722066366023088	0.005959815514365643	0.3553184886565004	0.12663701930634005	0.11000060294484418	0.03920468234430118
0.020367254784179268	0.007310574985497837	0.006339577045892876	0.002275513016429737	0.133137332709046	0.04778800405122322	0.04144075317648079	0.014874647406458453	0.054092521005435185	0.019415843477935166	0.016837011573445294	0.006043437711349214	0.3535937485186171	0.12691811637553396	0.11006072420820721	0.0395049399542688
0.020461757675411703	0.00739626281651801	0.0064032857351910165	0.002314580445043834	0.1329187095291913	0.04804580938282151	0.04159547240123123	0.015035416347757014	0.0541695334128053	0.0195805322360314	0.016951769544264743	0.006127515765915503	0.3518829902711971	0.12719430647131139	0.11011797558171306	0.03980408238359587
0.020555821748473417	0.007482193261495126	0.006467086422473534	0.002353979862436375	0.132698933084657	0.048301599181134615	0.041748536202024684	0.015196211568203189	0.05424583587049613	0.019745152131635857	0.017066333466326453	0.006212040891513361	0.3501861726756236	0.12746562280619628	0.110172401296323	0.040102079530987544
0.02064944595095412	0.007568357154527687	0.006530973394801961	0.002393707769979928	0.13247806639843232	0.048555361922349376	0.04189994874913298	0.015357011400840588	0.054321438045053724	0.019909688872476437	0.017180696638654208	0.006297004221506498	0.34850325249808656	0.12773209948028608	0.11022404550092964	0.04039890200198811
0.020742629326366183	0.00765474533740606	0.006594940968603284	0.0024337605824019215	0.1322561714194302	0.048807086873466056	0.042049714600835474	0.015517794379657335	0.05439634953128109	0.020074128327463574	0.017294852471297372	0.006382396813479658	0.3468341845677036	0.12799377144526	0.11027295224382105	0.04069452111152709
0.020835371011734945	0.007741348663066752	0.0066589834910553425	0.0024741346298480125	0.13203330902194904	0.04905676408169867	0.04219783869225934	0.015678539247544063	0.05447057984929978	0.020238456529300605	0.01740879448512858	0.006468209653533403	0.34517892183425447	0.12825067446869146	0.11031916545474496	0.040988908885890574
0.020927670235210864	0.007828157998979518	0.006723095341430269	0.002514826159978862	0.13180953900587886	0.04930438436356011	0.042344326324270716	0.015839224963943934	0.054544138441760974	0.02040265967694397	0.017522516311593444	0.0065544336605639925	0.3435374154254925	0.12850284509869242	0.11036272892756871	0.041282038064130895
