0.010865225445984046	0.0023420268070129253	0.0021402577167973203	0.0004613379604109654	0.11033965882173621	0.023783992345292944	0.021734966056253448	0.004685026869099751	0.05074561612121308	0.010938345815750768	0.009995991066821747	0.002154661139572698	0.5153371181619634	0.11108221834736139	0.10151232014296614	0.021881237181763127
0.011061644029567838	0.0024428769248336065	0.002246342129620781	0.0004960869595029422	0.11061269523550109	0.024427942181304715	0.022462660768529288	0.004960701638484125	0.05083520133877026	0.011226553664880866	0.010323352851510604	0.0022798311354497365	0.5083348024841852	0.11226173575637831	0.1032300334127905	0.022797539488690288
0.011255401464622268	0.002545182439862445	0.002354756942142795	0.0005324808749047288	0.11084819816121834	0.02506608834319298	0.023190693371940848	0.005244108415326	0.05091645875880374	0.011513732063686704	0.010652297486542313	0.002408802617317233	0.501447925061	0.11339235276345143	0.10490856202436812	0.023722959211619977
0.011446432618129205	0.002648827040797051	0.0024653864080571796	0.000570516806549173	0.11104781563277295	0.02569765329362585	0.023917999995200563	0.005534881238782459	0.050989955439104735	0.011799621531185132	0.010982456043807636	0.0025414578946743663	0.49468016452190094	0.11447428557402389	0.10654653678004267	0.024656009181346198
0.011634684798873115	0.0027536932324842165	0.0025781093024504656	0.0006101860309486048	0.11121322840782474	0.02632190899224104	0.024643543307811124	0.00583262543027585	0.05105625472229743	0.012083976965013963	0.011313465514818636	0.002677667161822645	0.48803478703857134	0.11550790704834166	0.10814276846635647	0.02559519357986872
0.011820117131306302	0.0028596629395459257	0.002692799652776441	0.0006514740323741527	0.11134613857255445	0.02693817856458834	0.025366317436233046	0.006136920394217497	0.05111591334965327	0.012366568063855542	0.011644970366218794	0.00281728935665007	0.48151465064747423	0.11649373572263488	0.10969624663330141	0.0265390171366156
0.012002699874005674	0.002966618079991674	0.002809327478328313	0.0006943605836446538	0.11144825877982353	0.027545837432447234	0.02608535238643051	0.0064473225878231375	0.05116947880288634	0.012647179597412773	0.01197662395641593	0.0029601730893323943	0.47512221209523486	0.11743242432145948	0.11120613695373698	0.027485993981026406
0.012182413695428352	0.0030744411046652017	0.002927559529674594	0.0007388198742391683	0.11152130218878306	0.028144313932110983	0.02679971794973691	0.0067633686162722135	0.05121748688608186	0.012925611532902745	0.01230808980617698	0.003106157627385575	0.46885953598146407	0.1183247479337042	0.11267177728141334	0.028434656059960685
0.012359248919189134	0.0031830154992521717	0.003047360020093645	0.000784820682808601	0.11156697315794886	0.028733089452955277	0.027508527078577514	0.007084578409676934	0.0512604595556396	0.013201679028493481	0.012639042718765139	0.0032550739233900934	0.46272830595949993	0.11917159201519031	0.1140926725375116	0.02938356104100767
0.01253320475041165	0.003292226246431402	0.003168591341717949	0.0008323265906173364	0.11158695872833636	0.029311698133138737	0.02821093872767313	0.007410458439423735	0.05129890300207177	0.013475212305217645	0.012969169747797726	0.003406745671869874	0.45672983774665465	0.11997394036896308	0.11546848856361035	0.030331299636064478
0.012704288493883817	0.0034019602465669603	0.0032911147598560938	0.0008812962320015313	0.11158292091870914	0.029879726152631337	0.028906160164751813	0.007740504933332208	0.05133330598375221	0.013746056409664836	0.0132981710134078	0.0035609903822195277	0.45086509369166894	0.12073286324080029	0.11679904508362812	0.031276502293125535
0.013093559846777986	0.0036146192707508544	0.003467492346429615	0.0009572388871518262	0.11266053440946759	0.031101162975915954	0.02983524307987403	0.008236342587198422	0.05141747830795305	0.014194352805518784	0.013616595837335321	0.0037590090312811103	0.44240990624002463	0.12213205510033874	0.11716087770045393	0.03234353157352821
0.013480243762734758	0.0038326155668080594	0.0036468171345832405	0.001036839419621192	0.1136683608867686	0.032317451898941425	0.03075075892082854	0.008742856539206957	0.051492318812140336	0.014639962460917375	0.013930242942835359	0.003960556418105735	0.43419448347182515	0.12344736235234843	0.11746285229973763	0.03339627711259724
0.01386390848324676	0.004055549004237067	0.0038287748742100707	0.0011200149039727457	0.11460830181907393	0.033525869337735	0.031651203332091725	0.00925878920157936	0.051558916072865564	0.01508230604605692	0.014238948752427353	0.004165257907181871	0.42622034196805697	0.12468038760807866	0.11770863448619283	0.0344327962029932
0.01424415740346071	0.004283003735438354	0.004013049288328545	0.0012066635186321016	0.11548245935580495	0.034723837345292996	0.03253522045604807	0.009782851087612147	0.05161830891051247	0.015520848556968538	0.014542581352528968	0.004372735325198316	0.41848802227679527	0.12583304943065654	0.11790188864129585	0.03545132331542617
0.01462062871819417	0.004514551891700492	0.004199324244050599	0.0012966656615970708	0.11629310182681321	0.03590893749942667	0.03340160340091715	0.010313733747427029	0.05167148210150994	0.01595509959007781	0.01484103807689725	0.0045826098053826335	0.4109971633501297	0.1269075398226128	0.11804624722769068	0.03645027303557282
0.014992994720094351	0.004749757195777186	0.004387285761876542	0.0013898852435047576	0.11704263076989355	0.03707892172915374	0.03424929289284081	0.010850122234087415	0.051719363158293785	0.016384613074856964	0.015134243013745056	0.004794504433516119	0.4037465789057597	0.12790628251591785	0.11814528385483593	0.03742824049584628
0.01536096080497475	0.0049881784416265385	0.0045766238505716445	0.0014861711267085574	0.11773354984579003	0.03823172018033798	0.035077374330791014	0.011390706912620344	0.05176282010165162	0.016808986533266276	0.015422144490684908	0.00500804667421391	0.3967343343928599	0.12883189267891454	0.11820249007698795	0.03838399955800004
0.0157242642380284	0.005229372799690025	0.004767034159826841	0.001585358678360482	0.1183684359117685	0.03936544627645278	0.03588507346957597	0.011934194457432256	0.05180266014016018	0.017227859935944886	0.01570471258431405	0.005222870563109986	0.3899578234020137	0.12968713854305655	0.11822125581897554	0.03931649902128986
0.01608267273200294	0.005472898914026072	0.0049582194473377006	0.0016872714057558221	0.11894991244241877	0.04047839917392476	0.03667175095576703	0.012479317917218897	0.05183962916514872	0.017640914224219435	0.0159819366937652	0.005438618657040083	0.3834138425245405	0.1304749053432854	0.11820485326426791	0.04022485713928067
0.016435982884845483	0.005718319765406372	0.005149890860796812	0.00179172264325809	0.11948062541162001	0.041569063843717	0.03743689593501146	0.013024845759484378	0.05187441196661208	0.01804786956434578	0.016253823210194713	0.005654943740053131	0.37709866383139073	0.1311981618625084	0.11815642399302896	0.04110835472772673
0.016739710464317218	0.005899760801987796	0.005406052913568473	0.0019053148583979506	0.1205188543868671	0.0424757892036286	0.03892130065731295	0.0137174633020012	0.051423091901401076	0.018123607487931355	0.016606975155923513	0.0058529794331481045	0.3702245709803695	0.130482329217026	0.119563216155346	0.04213898308077318
0.017034287375925494	0.006078667832098549	0.0056637672257434865	0.0020211094766593046	0.12148587985332866	0.043352110576829805	0.04039310418564018	0.014414237451393	0.05098229213609425	0.018192978219465392	0.016951213098693078	0.006049022862189141	0.3635977531907961	0.12974948216899607	0.12089340706946446	0.04314068727668288
0.01731976796523985	0.006254834082313073	0.005922460410463169	0.002138828147170383	0.12238464808462503	0.04419780158301923	0.04184918842933362	0.015113350861875294	0.0505527466010144	0.01825654033178511	0.01728641174555932	0.006242787868984256	0.35721495316179847	0.1290040529545479	0.1221489469357858	0.044112680836485056
0.017596245447732885	0.006428079301717077	0.006181577718680263	0.0022581903567686166	0.1232182108366849	0.045012808728236646	0.043286674359377844	0.015813042408176572	0.050135069701244483	0.018314827716740825	0.017612497547289246	0.006434016351474539	0.3510722561303982	0.1282501036793441	0.12333201662756345	0.04505438308857021
0.017863846768464687	0.006598248609700235	0.0064405864585242775	0.002378915985812856	0.12398968667535909	0.04579723439898096	0.04470293030097564	0.016511619895253345	0.04972976348347948	0.018368347367647687	0.017929444056961112	0.006622477837773648	0.34516517481784675	0.12749133287905687	0.12444498543339495	0.04596540503076847
0.018122727671614148	0.006765211166206391	0.006698978835983097	0.0025007276633284285	0.12470222623094825	0.04655131990256662	0.04609557619902664	0.01720747077730585	0.04933722522512707	0.01841757780896679	0.018237267236925828	0.006807968766511372	0.3394887311178726	0.1267310857491524	0.12549037131841556	0.04684553433004907
0.018373068039715047	0.006928858713636824	0.006956274232289645	0.00262335290027016	0.12535898144727287	0.047275428853582206	0.047462484248290235	0.017899070903332738	0.04895775526981153	0.018462968104623313	0.018536020805995694	0.006990311525552305	0.33403753370433914	0.12597236733059855	0.12647080407595965	0.047694719844729845
0.01861506754629395	0.0070891040345785125	0.007212020944250142	0.0027465259874132003	0.12596307878808527	0.047970031149434406	0.04880177631172569	0.018584991350994555	0.04859156495531879	0.018504937374767383	0.01882579170342144	0.007169353298716855	0.32880585094206416	0.12521785799109128	0.1273889916160023	0.04851305600584198
0.018848941651067666	0.007245879364107352	0.0074657974221353784	0.002869989651360206	0.1265175962787235	0.04863568772417207	0.05011181856456943	0.019263903446501335	0.048238784502278996	0.018543874751444533	0.01910669573130431	0.007344964766650112	0.32378767867266356	0.12446993060289836	0.12824768952566862	0.049300767344454655
0.019074917954138806	0.007399134789871005	0.007717213045813553	0.002993496468263233	0.12702554419504933	0.049273036220423415	0.05139121380078609	0.019934582095782485	0.047899470753694134	0.01858013970608809	0.019378873423031826	0.007517038703789019	0.31897680261438116	0.12373066888467464	0.1290496739417684	0.050058193402444856
0.019817799580988633	0.007808729581927874	0.008038508468350788	0.003167381858660269	0.12871554928227724	0.05071728136249889	0.052209682951208446	0.02057197591781472	0.04827362818516183	0.01902106774750496	0.019580779762083066	0.007715337595404467	0.3135346354830556	0.12354081859845771	0.12717611822402378	0.05011070540058158
0.020557749348785483	0.008222699030100974	0.008359278931412343	0.0033435486344096602	0.13030559017432708	0.052119696167346984	0.052985409837865094	0.02119313114930335	0.04863996782662612	0.01945503904569056	0.019778189303670587	0.007910890207154582	0.3083051362372624	0.12331604504473909	0.12536433760666588	0.050143291454639846
0.02129352163823299	0.008640086786481493	0.008678946717502007	0.003521580606930958	0.1317983080146533	0.05347865134310968	0.05371917863798763	0.021797163166159674	0.04899896112715271	0.019881881624779656	0.019971303012271475	0.008103581652521053	0.30328380062032817	0.12306082586116716	0.12361430817245296	0.05015790101826914
0.022023950469133458	0.00905995493869036	0.008996966531197635	0.0037010667759989333	0.13319667577314515	0.05479288932198211	0.05441194737870841	0.022383349983845374	0.049351033441747134	0.020301450449893895	0.020160306697823954	0.008293310979265433	0.2984656912311277	0.12277932231498899	0.12192571166924164	0.05015637204320984
0.022747951067067784	0.00948139011037044	0.009312826752291677	0.0038816042468370463	0.13450393375253486	0.05606150037545295	0.055064820073069426	0.022951123770701243	0.04969656475161359	0.02071362454429924	0.020345370725974567	0.008479989965880506	0.29384551748735654	0.12247538142082134	0.12029797269341436	0.05014042826231448
0.02346452043568068	0.009903508752508151	0.009626050213972576	0.004062800806327023	0.13572352986327102	0.057283896749846894	0.0556790204710422	0.023500061212738392	0.05003589110153349	0.02111830441290698	0.020526650078550937	0.008663542017397469	0.289417709548742	0.12215254206893314	0.11873029378826526	0.05011167847828373
0.024172737069949077	0.010325461640467819	0.009936194561239545	0.004244277158081876	0.13685906507747814	0.058459785605518365	0.056255867680359097	0.0240298730799046	0.050369306606101096	0.02151540976569083	0.0207042847032466	0.008843901163450157	0.2851764858387367	0.1218140443413797	0.1172216881929718	0.05007161751542435
0.024871759939165235	0.010746437604937825	0.010242852243549134	0.004425668822838945	0.13791424426696752	0.05958914143881305	0.05679675381888973	0.024540393304318713	0.05069706588849081	0.021904877526024148	0.02087840009502419	0.009021011157268189	0.28111591401917235	0.12146284127666342	0.11577101007936498	0.05002162851851169
0.025560826859436413	0.011165666535202753	0.010545650193234932	0.004606627716000026	0.13889283246003378	0.060672178560843164	0.0573031237810042	0.025031567839439103	0.05101938682933921	0.022286660102961844	0.021049108056413305	0.009194824671119541	0.27722996544945533	0.12110161243205768	0.11437698219974649	0.049962986313712265
0.026239252365198702	0.011582421700611757	0.01084424923792413	0.00478682341829078	0.1397986164156483	0.06170932410542566	0.05777645713484337	0.025503443527629927	0.05133645351822405	0.02266072390273389	0.021216507589259304	0.009365302581523075	0.27351256330201523	0.12073277868163898	0.11303822093972574	0.04989686157930708
0.027042058362481594	0.012125094037178763	0.011309898471968187	0.0050711222010310876	0.1397887878158103	0.06267837214498148	0.05846437340397908	0.026214203661785423	0.051868180674600896	0.02325660864224247	0.021693017946049793	0.0097266960606442	0.2681227148290397	0.12022062400827671	0.1121379386915368	0.05028030904839358
0.02783199918783055	0.012666324453477495	0.011772942915969385	0.005357858547622402	0.13972303804169492	0.06358786235648911	0.059102881536082494	0.026897682362638	0.05238922611134396	0.02384230221172992	0.022160656309962393	0.010085300054432294	0.26300596602959475	0.11969384148256706	0.11125159223127862	0.05063052616728648
0.028608114608748573	0.013204880162881943	0.012232442297522931	0.005646227891884993	0.13960757420213288	0.06443980361453312	0.05969430768438344	0.027553587160806168	0.05289951870233945	0.02441726114047755	0.02261911765045913	0.010440490121397285	0.25814960487593724	0.11915621295223802	0.11038127429787242	0.050949582636384924
0.02936954747569083	0.013739598876890597	0.012687517433109505	0.005935447266212291	0.13944820599309574	0.06523636143978688	0.060241021623423284	0.02818182587678634	0.05339898681925336	0.02498099979021388	0.023068131258761438	0.01079168382138609	0.2535412886411417	0.11861114331239064	0.1095287396685321	0.0512395007033253
0.030115541582104603	0.014269393302917573	0.0131373525814675	0.006224761073380584	0.13925034526105115	0.06597981771902574	0.06074540873847587	0.02878248515878829	0.05388756221486245	0.025533089527310267	0.02350746051311556	0.011138341932186113	0.2491690751513812	0.11806168328621532	0.10869543832500804	0.05150224363270995
0.030845438914189262	0.014793254426425958	0.013581196955420543	0.006513446040948267	0.13901901061033678	0.06667253462626814	0.061209845932137415	0.029355809356303417	0.05436518338985676	0.026073157592693505	0.02393690247654587	0.011479969194187617	0.24502144474367413	0.11751055260089856	0.10788254654514753	0.051739706594966295
0.03155867636874992	0.015310253655778592	0.014018365455779508	0.006800815359287836	0.13875883608254103	0.06731692269286572	0.0616366811996531	0.029902180073733825	0.05483179843553511	0.026600885684858636	0.02435628731970857	0.011816114612050604	0.24108731438310074	0.11696016313443125	0.1070909958416797	0.051953709700245994
0.032254782016553546	0.01581954391878562	0.014448238696087407	0.0070862220208014574	0.138474083048115	0.06791541289192346	0.0620282165935646	0.030422096670882737	0.05528736736131281	0.027116008276771377	0.024765477568707884	0.012146371346326536	0.237356045239214	0.11641264170143732	0.10632149973344993	0.05214599291606632
0.032933370987032765	0.016320359807383698	0.014870262390331072	0.00736906139174047	0.1381686545593048	0.06847043254083623	0.062386694281155085	0.03091615790750954	0.0557318639288151	0.02761831069198913	0.025164367183973375	0.012470376231126502	0.23381744486947895	0.11586985222422297	0.10557457838175548	0.05231821262334503
0.03359414104791627	0.016812016871427367	0.01528394617742369	0.007648773059276444	0.13784611151635426	0.0689843847821003	0.06271428539214823	0.03138504486804566	0.05616527702387989	0.028107626968852932	0.025552880481411116	0.012787808956160144	0.23046176501247073	0.11533341710038784	0.1048505811587985	0.052471939583346526
0.034080657326650034	0.017397091341612058	0.015885708844510363	0.008109148985753049	0.1356265269623363	0.06923302726512595	0.06321836748233836	0.032270965404702326	0.05660244064895915	0.02889374523178866	0.026383584196156915	0.013467980379026672	0.22525364957697225	0.11498482201098015	0.10499544826986104	0.05359683607322679
0.034547337913637836	0.017968923730458882	0.016477052752491825	0.008570122101807317	0.13349907586842996	0.06943616664077625	0.06367122471177998	0.033116976582419695	0.057020484126721754	0.02965776213809044	0.02719542464537422	0.014145012055393818	0.2203406223517693	0.11460459985826664	0.10508954603340914	0.0546596684891729
0.03499473866299754	0.018526725050955442	0.017056852286526362	0.00903014637687156	0.13146294230374975	0.06959839905952779	0.06407660333232285	0.03392308836963305	0.057420254052737624	0.03039911997731025	0.02798731549517075	0.014816893021739703	0.21570772733283516	0.1141988169749511	0.10513851460959346	0.05566186309307761
0.03542343274160224	0.019069840705439413	0.017624124773867808	0.009487766317343233	0.12951680205623586	0.06972403837614721	0.06443814455821126	0.03468961241116532	0.057802564129188654	0.031117415930585958	0.028758353542227555	0.015481763865219995	0.21134042291363744	0.11377294315268469	0.10514762954685523	0.0566051449795881
0.035834005109080046	0.01959774283314844	0.01817802640414071	0.009941626273649808	0.12765891470474203	0.06981710732938484	0.0647593567942739	0.035417118924635484	0.058168194926167316	0.03181238942622741	0.029507809133541188	0.016137924108913945	0.20722463514765732	0.11333187836398849	0.10512179361017145	0.05749147691027764
0.036227047726389495	0.020110022026925946	0.018717846760777326	0.01039047712357905	0.12588720487802213	0.06988133513184488	0.0650435947153632	0.03610639576030281	0.0585178940446246	0.032483909456124005	0.030235115534761003	0.016783836319838385	0.20334679690886953	0.11287998392326504	0.10506553591068647	0.058323003778626106
0.03660315541440895	0.020606378648071494	0.019243002257205516	0.01083318053725982	0.12419933339891727	0.06992016023975588	0.0652940443489188	0.036758410199469946	0.0588523765807806	0.033131962051694136	0.030939857576870525	0.017418127298812626	0.19969387495477015	0.11242111655212007	0.10498301698306763	0.05910200295787652
0.03696292229186106	0.021086613938069685	0.019753028748533016	0.01126871106237244	0.12259275909753162	0.06993673720602013	0.06551371332857893	0.037374273865605614	0.059172325813234415	0.03375663808151047	0.03162175987269679	0.01803958672998979	0.1962533867420919	0.11195866407944702	0.10487803858427901	0.05983084055817814
0.037306938729309534	0.02155062109650236	0.020247573563306934	0.01169615628750523	0.12106479211684672	0.06993394665714714	0.06570542552682083	0.03795521095384114	0.05947839405156097	0.034358121499436504	0.03228067485580656	0.01864716367120036	0.1930134086729283	0.11149558174781991	0.10475405712502081	0.0605119334449468
0.037635788762682205	0.021998376466478488	0.02072638717195733	0.012114715349098833	0.11961263953934967	0.06991440756902259	0.06587181933092695	0.03850252984761183	0.05977120359922112	0.03493667814221446	0.032916570856081545	0.01923996125718477	0.1899625772699548	0.11103442831177049	0.10461419978485785	0.061147716741587
0.037671036390075706	0.02214318459124189	0.021102156491752743	0.012403931275786572	0.11921886358908519	0.07007732083279418	0.06678274232159351	0.03925516079313301	0.05925578793023045	0.03483078715042326	0.033193270739831734	0.019511136183468426	0.18752889155921912	0.11023022618726595	0.10504791998369598	0.061747583980402185
0.03770194692931785	0.022279179883498576	0.021461597991017756	0.012682284103938395	0.1188351641134419	0.07022316387883024	0.06764617551928256	0.0399740977740558	0.05877092575131483	0.03472945387112327	0.03345498269358191	0.01976952486902058	0.18524381830598394	0.1094659742130144	0.1054488874608391	0.062312822641738826
0.037729109310655706	0.022406949045604706	0.02180509080458877	0.012949830184706081	0.11846237322073912	0.07035364494620715	0.06846392221286204	0.04066005385535521	0.058315021239307506	0.03463272081892173	0.03370247420697788	0.02001556983623995	0.18309830093113627	0.10874029030264079	0.10581948927275009	0.06284515981130694
0.03775304117638574	0.022527039862940298	0.02213305062625334	0.013206674170078524	0.11810111876204485	0.07047031251814848	0.06923781393835089	0.0413138371376468	0.057886531582775395	0.034540587032447716	0.033936485490370656	0.020249721284118876	0.18108379956040144	0.10805174481629354	0.10616196148382376	0.06334628055791983
0.03777419616660611	0.02263996296217568	0.022445922017612977	0.013452962463828369	0.11775185209286035	0.07057456784392696	0.06996969248130296	0.041936332391155906	0.057483970348324046	0.03445301532995642	0.034157727937091556	0.02047243287340898	0.17919227041421865	0.10739888010833563	0.10647839361390035	0.06381782095529522
0.037792970675251676	0.022746193717231716	0.022744171573920596	0.013688877146064876	0.1174148729435402	0.07066767701875368	0.07066139464148334	0.042528484586617794	0.05710590971322632	0.03436993868244362	0.034366883184786555	0.02068415814929643	0.17741614415334903	0.10678022688803916	0.10677073409446473	0.06426136283153029
0.03780971006977884	0.02284617423586834	0.023028281895547464	0.013914630383767109	0.11709035158254948	0.07075078250156112	0.07131473948135153	0.043091284243377076	0.05675098175240414	0.03429126578276335	0.03456460267036047	0.020885347534886148	0.17574830364423155	0.10619431779043778	0.1070407964386517	0.06467842999246402
0.03782471438138294	0.02294031537425954	0.023298746308288956	0.014130459327409526	0.11677834847220792	0.07082491399211148	0.07193151778811818	0.04362575449401871	0.056417878944209195	0.03421688588781449	0.034751507586263705	0.021076445831729632	0.17418206152146018	0.10563969851964498	0.10729026588078379	0.06507048569029669
0.03783824348247056	0.02302899873902174	0.023556064273026048	0.014336621484322997	0.11647883162278233	0.0708909986217109	0.07251348349255061	0.044132939751435556	0.0561053540376836	0.03414667300781962	0.034928189158273906	0.021257890167519056	0.172711137849712	0.10511493689178877	0.10752070628595792	0.06543893113392434
0.03785052177497662	0.023112578646201438	0.023800737424679533	0.01453339055233764	0.11619169185006624	0.07094987043732813	0.07306234680444938	0.044613895856787635	0.055812219404196235	0.034080489512600176	0.03509520917637863	0.021430108335526173	0.17132963812318971	0.10461863007038824	0.10773356716924473	0.06578510486164971
0.03825796113420539	0.02370076238045981	0.02469451512016945	0.015298223366130355	0.11442586356136014	0.07088668925490661	0.07385890763865308	0.045755507291238236	0.055770029383706565	0.0345494682724405	0.03599809799160749	0.02230077979468668	0.16680276689829923	0.10333411989185258	0.1076668313506483	0.06669947666963556
0.03864072800110467	0.024264091425585582	0.02556106240095046	0.016050835145083944	0.11274503821230951	0.07079721466133895	0.07458148710500485	0.04683276209807007	0.05572619565462384	0.034992754435817244	0.03686319689563542	0.02314790703967818	0.1625966275357852	0.10210106382849185	0.10755859833974894	0.06754043722077117
0.03900037112200003	0.02480290496151689	0.02639928667573205	0.01678904532528054	0.11114785333035127	0.07068624127205349	0.07523579799488045	0.04784739974739002	0.055681659495357465	0.035411635039130154	0.03769082317191696	0.023970077159779942	0.15868815461833932	0.10092025035364133	0.10741574926832637	0.06831275046430374
0.03933835630289819	0.025317647245344913	0.027208395341177336	0.017510964364036322	0.10963242338665272	0.07055798164477668	0.07582732472977326	0.0488014660369829	0.055637194300588694	0.03580736439969767	0.03848149542772811	0.024766182888042942	0.15505580341592004	0.09979186989921578	0.1072444300112614	0.06902110060590308
0.039656065615995106	0.025808848729562957	0.0279878667864011	0.018214984490595422	0.10819646114387624	0.07041611555156456	0.07636128532209771	0.04969723625023715	0.055593427178031195	0.03618115741207216	0.039235900230875274	0.025535397879169395	0.1516794969467832	0.09871562221988976	0.10705009407344288	0.0696700401694058
0.03995479816937138	0.026277109266686128	0.028737421577244664	0.01889976677211588	0.10683738007801928	0.0702638391057791	0.07684260644980416	0.05053714844106876	0.05555085857100791	0.03653418481406806	0.03995486186579492	0.02627715115797223	0.14854056240385805	0.09769080980650081	0.1068375503994655	0.07026395112124303
0.040235772037380595	0.02672308328471571	0.02945699441806882	0.019564225446454357	0.10555238004211748	0.07010391251210345	0.077275909278587	0.05132374638257975	0.055509879921852204	0.03686757005428138	0.04063931522145391	0.02699110145787145	0.1456216606496385	0.09671641846423573	0.10661101372482994	0.07080701710382965
0.04050012702557696	0.02714746679729824	0.03014670733523765	0.02020751035952022	0.10433851826687048	0.069938705588265	0.07766550391304312	0.05205963150296409	0.05547078944635609	0.03718238744692976	0.04129028173264262	0.027677112016960072	0.14290671173132938	0.09579118626929951	0.10637415561893997	0.0713032049487669
0.04074892800933228	0.02755098610167914	0.03080684439577377	0.020828988227375538	0.10319276766165116	0.0697702405076482	0.0780153906231266	0.052747423006626756	0.055433806125396584	0.03747966134898583	0.04190884823226462	0.028335226264604337	0.1403808187245807	0.09491366213946782	0.10613015482539923	0.0717562538060874
0.040983168640202725	0.027934388014025945	0.031437828165954175	0.021428223327870383	0.10211206421417847	0.06960023144413184	0.0783292662560789	0.05338972532018537	0.0553990820411244	0.03776036613819937	0.042496148529911515	0.028965644715224132	0.13803019167338484	0.09408225522299764	0.10588174588542813	0.07216967041110212
0.040164932474374325	0.0282188038086683	0.031308442686778994	0.021996471730578077	0.10201177836798012	0.07167073819372147	0.079517870930021	0.055867122408058405	0.05307791846573009	0.03729112127133638	0.04137407598725772	0.029068315595806245	0.13480846403051552	0.09471280950496094	0.10508278764031087	0.0738283469039015
0.03938964428371379	0.028471613095737435	0.03116896895570613	0.02252954655563714	0.10187793756998534	0.07363938604247876	0.08061586569602933	0.05827074042464225	0.050961098327746195	0.036835688691947276	0.04032544392341612	0.029148027563581497	0.1318065112885175	0.09527235041463032	0.10429830310019722	0.07538887406603384
0.03865594453733451	0.028695405357693254	0.03102189511693718	0.023028433685913483	0.10171816136477975	0.07550827971057707	0.08163013919626945	0.06059637040764951	0.049028162561525236	0.03639499734088913	0.03934573414163577	0.029207455769185098	0.12901132311060987	0.09576876872885126	0.10353325425974956	0.0768556747103998
0.03796230240850543	0.028892652720812106	0.03086935716278711	0.02349429722732762	0.10153893417773911	0.07728006408224371	0.08256721605903147	0.0628409171300255	0.04726087724513579	0.035969686422884124	0.03843056945829149	0.029249045152031895	0.12641011738795063	0.09620922310731203	0.10279142241288838	0.07823331784503351
0.037307072635142866	0.02906569438156533	0.03071317663932263	0.023928433474693752	0.10134573575008249	0.07895779470544612	0.08343322763958476	0.06500227770632892	0.045642987469836555	0.03556015068333717	0.03757574737147723	0.029275017097681804	0.12399048813615572	0.0966001720272149	0.10207559839831434	0.07952642588381537
0.03668854156226846	0.02921672732460333	0.030554896566346013	0.024332231356083193	0.10114316347618581	0.08054482686416133	0.0842338988363102	0.06707922280344061	0.044159996047147286	0.03516658085128008	0.036777262167828915	0.029287379512734992	0.12174050831984547	0.09694741421930775	0.10138774890612656	0.08073960118633004
0.03610496391581276	0.029347802033139414	0.030395814966009873	0.02470713895015707	0.10093504511829361	0.08204472186275528	0.0849745470499647	0.06907128312032035	0.042798965447445214	0.034788999321633055	0.036031317951475364	0.02928793915148817	0.11964879728247543	0.09725613420739158	0.10072916044408342	0.0818773691775548
0.03555459173898209	0.029460822067654394	0.030237015666030525	0.025054635556878625	0.1007245412010088	0.08346116889638068	0.0856600900555253	0.0709786429261171	0.04154834118532905	0.034427291300468746	0.03533433466319259	0.029278315274534287	0.11770456075767223	0.09753095033379998	0.10010056292365883	0.08294413545276684
0.03503569677826294	0.029557546562585302	0.0300793962425455	0.025376208746192144	0.10051423697658997	0.08479792077323688	0.08629506018306932	0.07280204174688128	0.04039779479845562	0.034081231731687554	0.034682948786727015	0.029259953931541915	0.11589760995485313	0.09777596331003421	0.09950223497649685	0.08394415450084067
0.03454658745265097	0.029639594853642183	0.029923693108440768	0.025673335795453504	0.10030622425362085	0.08605874175707505	0.08688362274698315	0.07454268474901593	0.0393380845768098	0.03375050837576959	0.034074010116446805	0.029234142338214943	0.11421836494494618	0.0979948038703855	0.09893409311831138	0.08488150794223356
0.03482497681510555	0.02983501177386355	0.029972979981291777	0.02567824281369607	0.09961075150700356	0.08533782979363745	0.08573246370535446	0.07344811965365347	0.040157687508281914	0.03440361456611333	0.03456270969457231	0.029610324111598897	0.11486403717426988	0.09840551853580483	0.09886058230773616	0.08469515005801664
0.03509020732917047	0.030021371314350516	0.03002159528659296	0.02568492830758286	0.09895062316600534	0.08465704895917026	0.08465768053688519	0.07242874452601805	0.04094290159586017	0.03502863462634576	0.0350288959549095	0.029968916465189455	0.11545459361726068	0.09877699474433864	0.0987777316628752	0.0845091319074448
0.035342826205194404	0.030199056094505846	0.03006947289175698	0.02569318291973298	0.09832447840533011	0.08401440285466441	0.08365389968645706	0.07147896986190061	0.04169434214635619	0.03562617686517308	0.03547330605737566	0.030310546000614308	0.11599452800385619	0.09911276584127136	0.09868747607092827	0.08432457009488252
0.03558336360442261	0.03036843395299081	0.030116552290250072	0.02570281267633114	0.09773093802897032	0.08340795349452974	0.0827161518018733	0.07059366339748004	0.042412721185057324	0.03619691315283481	0.03589668895671288	0.0306358398219976	0.11648800467142048	0.09941607307017039	0.09859149693869014	0.08414239295626846
0.03581233289604527	0.03052985875390044	0.030162778955902893	0.02571363847817148	0.09716861970566747	0.08283582763336507	0.08183984009474826	0.06976810937693416	0.04309883101934363	0.03674156685905505	0.03629979976640474	0.030945422150523618	0.11693887503039177	0.09968988470762606	0.09849125018278732	0.08396336438913259
0.036030230879563495	0.030683671067589884	0.030208104494630718	0.025725495487023697	0.09663615019381062	0.0822962210732584	0.08102071099048216	0.06899797156460345	0.04375352932234613	0.03726090199811903	0.036683394846853484	0.031239911420101633	0.11735069489942612	0.09993691502791485	0.09838799162539082	0.08378810510888558
0.03623753798802732	0.03083019875184742	0.03025248664164241	0.025738232443042908	0.0961321750560623	0.08178740135174205	0.0802548269884234	0.06827925969103388	0.04437772567994919	0.03775571351783981	0.03704822755239886	0.03151991780516393	0.11772674222692202	0.10015964281190111	0.0982827999452045	0.08361711154879878
0.036434718484458006	0.030969757454736475	0.03029588914283614	0.025751710941020522	0.095655366285211	0.0813077091390358	0.0795385416283737	0.06760829903447622	0.04497236953183447	0.03822681866362753	0.03739504457563771	0.03178604113575293	0.1180700348245186	0.10036032919390973	0.09817659734794658	0.08345077261662451
0.03662222066085178	0.03110265105657119	0.030338281551335555	0.025765804686876524	0.09520442819579285	0.08085555861388495	0.07886847644456015	0.06698170285563187	0.04553843942845612	0.03867504934560488	0.037724582831368064	0.032038869158827976	0.1183833478276594	0.10054103470378535	0.09807016812676494	0.08328938451202851
0.03680047704662265	0.031229172065148247	0.030379638963763615	0.025780398750660367	0.09477810187932129	0.08042943703821127	0.07824149978047189	0.06639634742191092	0.04607693352019736	0.03910124543531424	0.038037566826308294	0.03227897610820168	0.11866923067142053	0.10070363541161409	0.09796417528332554	0.08313316379750807
0.037344826461806604	0.03165639331679832	0.03146149244159609	0.026669219632958565	0.09427675447449864	0.07991634459269024	0.07942431868979585	0.06732625933967938	0.046000095055643245	0.03899327536521927	0.03875320305440267	0.032850243377903585	0.1161269197970369	0.09843825225759138	0.0978321913798918	0.08293021076248745
0.037858495588444716	0.032058992786077184	0.03250483094943666	0.027525450357269686	0.09378345622037122	0.07941686798933319	0.08052130289158947	0.06818632986871553	0.04592598108294555	0.03889062873066359	0.03943147312340148	0.033391007560093514	0.11376831459686015	0.09634026709867831	0.09768005241344005	0.08271654874267978
0.038342987048322716	0.03243825408461668	0.033508879996243524	0.028348588544736923	0.09330072397820752	0.07893262428588432	0.08153779880029355	0.06898116288256104	0.04585495581020134	0.03879339670995322	0.04007377436558642	0.03390250408405143	0.111579741288509	0.09439671442527274	0.0975122818714278	0.08249561182413162
0.03879977126541314	0.03279542145230215	0.0344732151484261	0.029138409396148344	0.09283053293055896	0.07846480409056807	0.08247901546035406	0.0697152066822746	0.04578727423889931	0.038701592995096	0.04068154281374877	0.03438598472089623	0.1095485084166879	0.0925956361551786	0.0973327722476571	0.08227031198579061
0.03923027852900563	0.033131695007609985	0.03539772016325957	0.029894930966312683	0.09237439601496375	0.07801423874717356	0.08334998228396948	0.07039272458594413	0.04572310115787128	0.03861516917970983	0.041256233717180346	0.03484270323672719	0.10766285664443148	0.09092601591788275	0.09714485378070839	0.08204310006725
0.03963589316638199	0.03344822756271546	0.036282547194683705	0.03061838142585552	0.09193343404822314	0.07758145905174141	0.08415551897927553	0.07101777516810708	0.04566252741117031	0.03853402776938036	0.04179930546461192	0.03527390376381461	0.10591190501518846	0.08937771341944754	0.09695135860976994	0.08181602194963301
0.04001794944347688	0.03374612269387196	0.037128079491803384	0.031309168594155994	0.09150843721270596	0.07716674623886363	0.08490021548462574	0.07159420031071499	0.045605583764020574	0.03845803312336284	0.04231220646755706	0.03568081150483271	0.10428559575030766	0.0879414002550065	0.09675467990523534	0.0815907697594587
0.04037772887018537	0.03402643380887555	0.037934896849802315	0.031967851903117545	0.0910999186507228	0.07677017600293119	0.08558841999635938	0.07212561947640304	0.0455522526688378	0.038387020608924814	0.04279636459554445	0.03606462542389429	0.10277463910439212	0.08660849811438677	0.09655682581195345	0.08136872811366909
0.040716458638207435	0.03429016399772494	0.038703743944950166	0.03259511685411951	0.09070816093606275	0.07639165630949271	0.0862242334428441	0.07261542885163384	0.045502478206990535	0.03832080422034716	0.043253178795157866	0.03642651261711448	0.10137045937281684	0.08537112000101088	0.09635946824377871	0.08115101556774801
0.041035310963812535	0.03453826649039754	0.039435501585655536	0.03319175195599203	0.09033325617975173	0.07603095971742439	0.08681150900636565	0.07306680422476886	0.04545617445411603	0.038259182885558324	0.04368401256527436	0.03676760409296878	0.100065142811669	0.08422201483685339	0.0961639867064332	0.08093852152295851
0.042436089343409235	0.03547321597305592	0.040471730729640436	0.03383116746121359	0.09054435697037634	0.0756879245860687	0.08635307567431744	0.07218434475768806	0.04653183345295269	0.03889693426605107	0.04437788361280422	0.03709640247679036	0.09928329881095892	0.08299298912154777	0.09468749353671589	0.07915125922640953
0.04378261405207227	0.03636560076912759	0.04146013379215867	0.034436561314659477	0.09071164954233404	0.07534460204779395	0.08589978483376032	0.07134789342873046	0.047555072448031505	0.03949898416607221	0.04503247941857107	0.037403732135135044	0.09852767266786722	0.08183654828579968	0.0933012013896974	0.07749546970818927
0.04507396009016428	0.03721571722150738	0.042401156181669175	0.035008892832256534	0.09084120464305341	0.07500385094396612	0.0854544863175132	0.07055625890736218	0.04852679319803316	0.04006657967731247	0.045649242561989975	0.037690704326060157	0.09779997902903581	0.08074942509007937	0.09200061803043148	0.07596113094956533
0.04630972220283942	0.038024138608118506	0.043295537935317076	0.03554924230283137	0.09093842713789758	0.07466802204405557	0.0850194718223878	0.06980806679866637	0.04944816218648802	0.040601059204377205	0.04622970469137338	0.03795843756733628	0.09710138347198231	0.07972832244613076	0.09078129670631481	0.07453900487388362
0.04748994965980272	0.03879166939972333	0.044144263387396195	0.03605878051009282	0.09100810376015779	0.07433901907771413	0.08459654582823103	0.06910180494263582	0.05032055906723135	0.04110382313160358	0.04677545521058184	0.03820804207097983	0.0964325861296094	0.0787699508484948	0.08963887120807967	0.07322057576766548
0.048615083560315256	0.039519303190805384	0.04494851510414589	0.03653874201765781	0.09105445317407172	0.07401835558699998	0.08418709100266673	0.06843586250260342	0.05114553025700029	0.04157630860745553	0.04728811452960136	0.038440607288030074	0.0957938966426185	0.07787105910352908	0.08856908380675024	0.07199799362574863
0.04968589774903687	0.040208184615568666	0.04570963237318418	0.036990402114780954	0.09108117646867642	0.07370720716275514	0.08379212776891036	0.0678085633006193	0.05192474778497727	0.042019968233253414	0.04776931161252146	0.038657192227388566	0.09518530066585557	0.07702845908495877	0.0875678069206589	0.07086402191685415
0.050703444057794395	0.04085957535499633	0.04642907431612486	0.037415057220177156	0.09109150667860604	0.07340645888062698	0.08341236797105961	0.06721819391139107	0.05265997330693071	0.04243625235938713	0.04822066547127949	0.038858818194795454	0.09460651834056416	0.07623904523732027	0.08663105933823927	0.06981198936070702
0.051669002284681055	0.04147482418489631	0.04710838752856364	0.037814008476807943	0.09108825632789098	0.07311674794285927	0.08304826276213266	0.06666302704942553	0.053353027047265245	0.042826594644220596	0.048643770207068227	0.03904646360138451	0.09405705526833934	0.07549980952041774	0.08575501777571838	0.06883574537832847
0.052584035081225014	0.042055340902361286	0.04774917803494101	0.03818854823455675	0.0910738623186889	0.07283850167053307	0.08270004497500943	0.06614134078323013	0.05400576133630547	0.04319240051056534	0.0490401831844303	0.0392210605091399	0.09353624659578086	0.07480785244488422	0.0849360244896223	0.06792961892872598
0.0528622603024819	0.0411076447351325	0.04882261315861536	0.03796626601437504	0.08970147453587067	0.06975517744300806	0.08284663512234619	0.06442460130579514	0.05557610995824935	0.04321803439451323	0.0513290748792459	0.039915383160791344	0.0943065806058353	0.07333627789555192	0.08709982654703666	0.06773203994115139
0.053102738675166	0.04022717533499458	0.04982605744263064	0.037744975099251794	0.08839879279674179	0.06696516650466847	0.08294418400325364	0.06283311023424362	0.0570592734166108	0.04322438829865536	0.05353845594069883	0.04055724634967976	0.09498513661869719	0.07195455150349273	0.08912412036429744	0.06751462741691723
