0.010865225445984046	0.0023420268070129253	0.0021402577167973203	0.0004613379604109654	0.11033965882173621	0.023783992345292944	0.021734966056253448	0.004685026869099751	0.05074561612121308	0.010938345815750768	0.009995991066821747	0.002154661139572698	0.5153371181619634	0.11108221834736139	0.10151232014296614	0.021881237181763127
0.00926707875377836	0.022561858952622436	0.03839366827268591	0.0934741736050247	0.020085187731852833	0.048899894420153085	0.08321328171048169	0.2025931121143493	0.008606187717324985	0.020952837302576133	0.035655585227083536	0.08680796895555415	0.018652792379428237	0.04541254929614421	0.07727884288056407	0.18814498068037652
0.0010101020074527176	4.725288496015012e-6	2.505928383123043e-6	1.1722810640155191e-8	0.018739108240107386	8.766212911095957e-5	4.648922867871652e-5	2.1747805255642247e-7	0.049772213890806626	0.00023283595912508497	0.00012347822552533782	5.776349658532275e-7	0.923359122710446	0.004319502592849196	0.0022907308532638575	1.0716109926057178e-5
0.05572262676848701	0.04937148288446609	0.04101931797552369	0.03634402526957593	0.11766708696514154	0.10425564814632673	0.086618738838894	0.07674612325485333	0.042424643310488584	0.03758917467738462	0.031230220735668245	0.02767066805617872	0.08958630422468711	0.07937545198807947	0.06594752100456695	0.058430965899677945
0.00039637347341727266	3.3457564037025224e-5	8.874158369924052e-5	7.490605246024516e-6	0.00785715493013949	0.000663216087488349	0.0017590893907697364	0.0001484833115372788	0.03578887593889139	0.003020910047827716	0.008012548120972386	0.0006763327009397651	0.7094287632396278	0.059882307640729084	0.1588295791565317	0.01340667620814573
0.005500887048541101	0.026621440320026665	0.019192124974101152	0.09287993101913065	0.01179493653639159	0.0570813754784015	0.041151525939449145	0.19915204260840383	0.006632327132883671	0.032097023515104246	0.023139622769964653	0.11198377301019422	0.014220956898523814	0.06882205579337011	0.04961570372912109	0.24011427322639245
0.002148364734554663	2.81993065165913e-6	7.128611084989807e-6	9.356972109527241e-9	0.04095706794180305	5.376000147159256e-5	0.00013590197411201727	1.7838411525541269e-7	0.04746145579246068	6.229762191161096e-5	0.00015748455298584255	2.0671327870203177e-7	0.9048193904149359	0.0011876604992659787	0.003002332626616447	3.940843779502364e-6
0.08571906769279716	0.022506759980994214	0.08325770642586226	0.021860494584595432	0.18208396926381545	0.047808735009746015	0.17685555928061425	0.04643594163084613	0.042886238634870885	0.011260391712400609	0.041654791192643655	0.01093705767765881	0.09109871079580874	0.023919261765740826	0.08848287695328377	0.0232324373983216
5.316808620513116e-5	9.56176143474208e-5	5.114626515674284e-6	9.198156650213206e-6	0.0010380949716546112	0.0018669124984620551	9.986193686430659e-5	0.0001795919478883977	0.015829471438936416	0.02846775957916012	0.0015227524654231278	0.0027385217031069492	0.30906688349305855	0.5558266280148045	0.02973140073787072	0.053469022729051824
0.008646990069607082	8.806362520878074e-5	0.061321882766415765	0.0006245210480834756	0.018471196342578298	0.0001881163848664546	0.13099223285294043	0.0013340654732296737	0.03036191696230168	0.0003092151667186724	0.21531768829827239	0.002192862030658227	0.06485735788213026	0.0006605274217486419	0.4599490995793623	0.004684264095877884
0.007240762214134978	0.012782724092602346	9.6684159963583e-6	1.706846467802645e-5	0.13936670258439232	0.24603571476968944	0.00018609301296985408	0.00032852558473899537	0.010595065801868132	0.0187043572048066	1.4147337069193946e-5	2.497547924547561e-5	0.20392872197743128	0.36001245594086073	0.0002723011278887923	0.0004807159916275045
0.12525391162031163	0.062612938119187	0.0001637827104620966	8.187302562048682e-5	0.25248531942886315	0.12621440302259548	0.0003301512059224305	0.00016503865435404033	0.09553275129490757	0.04775568417628351	0.0001249191561570681	6.244559785145411e-5	0.1925737640811641	0.09626533030236749	0.0002518105234167127	0.00012587708053577438
0.0004912951448941123	0.00837560381387013	6.29380313059673e-7	1.0729680936646582e-5	0.008718182764797161	0.14862765401557104	1.1168546351098368e-5	0.00019040147330136155	0.002460744406369674	0.04195079159471749	3.1523700181783428e-6	5.3741630914498406e-5	0.0436666628912176	0.7444296408210783	5.593977112611009e-5	0.0009536616945234646
0.3042392040456311	0.011984908341008625	0.00038199733129804084	1.5048037666540408e-5	0.6016741079195946	0.023701774586200056	0.0007554513043688564	2.975952644682242e-5	0.018464372197101002	0.0007273678257563841	2.3183537195714054e-5	9.132701000273583e-7	0.03651578929426813	0.0014384680931052816	4.584857531562526e-5	1.8061149431655228e-6
2.4945540423384055e-6	0.0003464936795827264	3.0710428811462413e-9	4.265680077418614e-7	4.6425148197780406e-5	0.006448455375672357	5.7153951551718706e-8	7.938686690982228e-6	0.0003615519909527834	0.050219589385306226	4.4510627917243187e-7	6.182528414227483e-5	0.00672869958970746	0.934616705060038	8.283695050748281e-6	0.0011506056513349411
0.25322251512435473	0.03809115890853563	0.00030578040469347433	4.599721308579336e-5	0.5061419157805797	0.07613672162919936	0.0006111947816477186	9.193936621464294e-5	0.03629136933697603	0.005459152460215633	4.382386612537658e-5	6.592233110662918e-6	0.07253929688478544	0.010911770161491667	8.759527385120897e-5	1.3176575132999255e-5
3.5459525835381485e-6	0.00043758980395934365	4.20160087460485e-9	5.185003633633515e-7	6.426135672425551e-5	0.007930200370324818	7.614331163631095e-8	9.396498127592656e-6	0.00041631238728384124	0.051375209240843704	4.932887423935305e-7	6.087450945662486e-5	0.0075446014005295685	0.9310447813475708	8.939601727945403e-6	0.0011031953968496028
0.2631971075866915	0.03567027171477851	0.0003061199693641147	4.14874714416876e-5	0.5228598007215965	0.07086153541535861	0.0006081291228700246	8.241781700924953e-5	0.03132974302151413	0.004246021001440908	3.643907815655813e-5	4.938473035659615e-6	0.06223876600730551	0.0084350231468325	7.238882417102995e-5	9.810628433458244e-6
2.9026331606253534e-6	0.00038602077238686063	3.3149717078895473e-9	4.4085761731062903e-7	5.341428944211594e-5	0.007103558777816324	6.100214822168242e-8	8.112667040818303e-6	0.0003813223533513231	0.05071200569394045	4.3549175627593285e-7	5.7915986906705125e-5	0.007017098415656574	0.9332029231495405	8.013924403167293e-6	0.0010657706698610399
0.25765215820615595	0.037292545208246326	0.0002890291509693003	4.183404771016643e-5	0.5136265593373174	0.07434225204089626	0.0005761762268716009	8.339568408091298e-5	0.033841231131735414	0.0048981760939614104	3.796243109260181e-5	5.494678125703986e-6	0.06746209785684953	0.0097644566678021	7.567766170455164e-5	1.095357648086618e-5
3.231422866713505e-6	0.0004106185966306251	3.5617203244295743e-9	4.5258966762696787e-7	5.8951127606877585e-5	0.007490950669773519	6.497677277347606e-8	8.256632557956482e-6	0.0004020882232082428	0.05109356117894563	4.4318736850157566e-7	5.631605110340122e-5	0.007335330327621085	0.9321042677441937	8.085105599585105e-6	0.0010273786043633853
0.00010018340481640808	0.008027667812722883	1.0995109809942061e-7	8.810350305060652e-6	0.0002319090885292299	0.018582809487016894	2.5451978788056164e-7	2.0394598412922e-5	0.003614145815658458	0.28960047912143533	3.966518225760989e-6	0.00031783598039887264	0.008366188626320381	0.6703803217085385	9.181876260409887e-6	0.0007357411404730433
0.0008745213166387306	0.04497323386019232	9.556963028417315e-7	4.914774804143277e-5	0.0006793140423711263	0.034934482111303435	7.423694613389877e-7	3.817717734290009e-5	0.00984914708070962	0.5065033711089841	1.0763366509300416e-5	0.0005535181246424655	0.007650658468818753	0.39344364277490335	8.360809363753187e-6	0.0004299639444145088
0.00311132161181363	0.10542247653476149	3.3856965077266054e-6	0.00011471925926409566	0.002242430663756331	0.07598140710785577	2.440181573731067e-6	8.268190074611614e-5	0.01353024477067156	0.458452095222081	1.4723422450064886e-5	0.0004988811352255415	0.00975168740083951	0.3304213335856559	1.061164935572773e-5	0.0003595598574418073
0.006809618602884555	0.1578120938764449	7.3788273160500655e-6	0.00017100343749138904	0.004890797280010049	0.1133436400030776	5.299613777446285e-6	0.00012281791326770912	0.017238816505360362	0.39950750362293974	1.867979068199868e-5	0.00043290190723033846	0.012381245087543447	0.2869338689886394	1.341618008091914e-5	0.0003109183632540654
0.010476663264742453	0.17448086278950237	1.1304640110653963e-5	0.00018827018776767062	0.007523164533200037	0.12529258653159497	8.11772464113393e-6	0.00013519453317157562	0.02245678823381126	0.3740007374010847	2.4231561386414886e-5	0.0004035582351555515	0.01612594663978121	0.268565383071484	1.740038966603337e-5	0.0002897902628998621
0.013778638325782314	0.17501703601847296	1.4805290957223238e-5	0.00018805763526543454	0.009894177747823479	0.1256764001144995	1.063139744838997e-5	0.00013504060605683418	0.028654410219057822	0.36396992408262574	3.078946340488223e-5	0.00039108948927402565	0.020576186213982113	0.2613598701547202	2.2109327241573755e-5	0.00028083391338766517
0.01672324458331048	0.1726546006781608	1.7894340916351198e-5	0.00018474526697975823	0.012008637360325468	0.1239799177609949	1.2849578907728763e-5	0.00013266199056913226	0.03462000828398255	0.3574248810371926	3.7044380214276065e-5	0.00038245465115356705	0.024859956022452164	0.25665986995230855	2.660085045190408e-5	0.0002746332620798042
0.019123005390283727	0.17034023839294837	2.037714790765401e-5	0.0001815116484839655	0.013731858655724367	0.12231801587959788	1.4632434032407244e-5	0.00013033998843172204	0.039561726062258225	0.35240035293331057	4.2156299546008035e-5	0.00037551179680575346	0.028408506893976074	0.25305184713101236	3.0271619706193657e-5	0.0002696477259747921
0.020884140837677208	0.16859216164368845	2.2161719356873646e-5	0.0001789057161200253	0.014996495784876449	0.12106275575825837	1.5913900097885733e-5	0.00012846871884927732	0.043201033125452336	0.34875054791436066	4.584383813031985e-5	0.0003700852157868139	0.031021822549641996	0.25043099270502545	3.291956947750433e-5	0.0002657510032004427
0.02206938728272267	0.16740950840974805	2.332298544291883e-5	0.00017691880058235407	0.01584759822816451	0.12021351543951476	1.674778271121573e-5	0.00012704195339545494	0.04565220848174965	0.34629931868258834	4.8245371754860365e-5	0.0003659700138050366	0.032781963947569895	0.24867081259954718	3.4644064112193096e-5	0.00026279595659089484
0.13699271919966607	0.12073338180957939	0.0001422144897597986	0.00012533539294156984	0.23482576487938808	0.20695485786064166	0.0002437766512693472	0.00021484338500548964	0.05864607531913152	0.05168551324846845	6.088149594117509e-5	5.3655617156493154e-5	0.10052803955162917	0.08859660756179027	0.00010435988083827047	9.197365679328623e-5
0.00015501521338372697	0.017650993771279457	1.58128452993229e-7	1.8005486544964807e-5	1.7166695727667156e-5	0.0019547064623420497	1.7511462127925896e-8	1.993963703297164e-6	0.007674804225977979	0.8739008167745914	7.828940739355818e-6	0.0008914517563125334	0.0008499232174756916	0.09677752970344328	8.669926042018254e-7	9.87211559592528e-5
0.00515975326272041	0.011047667561024571	5.1735189789360075e-6	1.1077141655762416e-5	0.29541256248060815	0.6325146993396074	0.00029620069425640696	0.0006342021865914129	0.0002998331931356682	0.0006419798143171071	3.006331187209748e-7	6.436925535683957e-7	0.01716642005750698	0.03675542072495373	1.7212218384465118e-5	3.685348058660259e-5
0.00027451041315224993	0.0020697956198669092	2.7062312195436686e-7	2.040485626842843e-6	2.6834194144046902e-6	2.0232856329279573e-5	2.6454200082981503e-9	1.9946342592282503e-8	0.11557437101351144	0.871425328262373	0.00011393774371772806	0.0008590852353337728	0.0011297732112379242	0.008518436940919596	1.1137747017124786e-6	8.397808930637899e-6
0.016049109160688288	0.014207849673341802	1.5560703563435864e-5	1.377547718238893e-5	0.3712884835416602	0.32869182375084033	0.0003599894530633021	0.00031868909245381325	0.005907540100339568	0.005229788198491107	5.727762168610729e-6	5.070635574939622e-6	0.13666812178518192	0.1209886548854753	0.0001325090451051279	0.0001173067348699488
0.00012091506710731081	0.013571469503873041	1.1533207863008426e-7	1.294483661459127e-5	7.197294693899806e-7	8.078221166759998e-5	6.864975370059172e-10	7.705226991844802e-8	0.008649292588114324	0.9707939084671064	8.249930440692719e-6	0.0009259696253202991	5.1483664641375595e-5	0.005778510497851844	4.91065191512845e-8	5.511700427801539e-6
0.01861815734606046	0.0393774563591432	1.747483532630843e-5	3.6959326997552025e-5	0.27949641438598544	0.5911357206544366	0.00026233282515051	0.0005548346800345809	0.0014121496549990321	0.002986700583668113	1.325430987531801e-6	2.8032903524490423e-6	0.021199238883441437	0.04483645123755505	1.9897415283666677e-5	4.208309057814036e-5
0.000266976460345945	0.0020801859783958964	2.4664236043564644e-7	1.9217498770935803e-6	1.4709324998340458e-6	1.1460984827489055e-5	1.3588998195963464e-9	1.0588065880812645e-8	0.11274971075229841	0.8785057943730679	0.000104162197529883	0.0008115949342492559	0.0006212053814689919	0.004840212214070952	5.73891650980403e-7	4.471560391283168e-6
0.02609429544310373	0.02255700776480764	2.3733766224351475e-5	2.0516466910483778e-5	0.3652821386214708	0.3157652619974325	0.0003322381668773642	0.00028720066139968425	0.009633578414028395	0.008327670833724378	8.762110419154252e-6	7.574337203007294e-6	0.1348560697232365	0.11657526521500394	0.00012265678679559895	0.0001060296913625192
0.00011292078747027243	0.013679552808393726	1.0114073441826028e-7	1.2252482900179509e-5	6.230281410721727e-7	7.547544210277392e-5	5.580329819066483e-10	6.76017393770572e-8	0.00802200014790781	0.9718084429860777	7.185133974348037e-6	0.0008704280393311431	4.4260511742777785e-5	0.005361847196392024	3.964319381470018e-8	4.802491865586268e-6
0.00016952798644288513	0.02065722821064271	1.5174583630619286e-7	1.8490447721137404e-5	9.317035739299103e-7	0.00011352941632339742	8.339752095332981e-10	1.0162107500257462e-7	0.007918653982646311	0.9648993412409212	7.088049567679277e-6	0.0008636890023891576	4.351988347854013e-5	0.005302960198961957	3.895499057687466e-8	4.746721453929641e-6
0.00025235693281088395	0.03092886043505377	2.257428331097731e-7	2.7667036929387965e-5	1.3815314482295995e-6	0.00016932046555246516	1.2358321987821663e-9	1.5146356857143826e-7	0.007789619342981719	0.9546955846139761	6.968109493742997e-6	0.0008540113545826667	4.2644376646198897e-5	0.005226493914548268	3.814700984469252e-8	4.675296732922682e-6
0.0003710548550065787	0.04573939253099757	3.317113841849124e-7	4.088958008099703e-5	2.0234820917254805e-6	0.00024943169567538735	1.808929425024618e-9	2.2298410037137357e-7	0.007625239934387723	0.9399522410124908	6.816724964649713e-6	0.0008402877761252729	4.1582898712024636e-5	0.005125863470327823	3.7173805177518015e-8	4.582360920342017e-6
0.0005362034250033932	0.06647696413023217	4.790441542573599e-7	5.939052153417782e-5	2.9128158297874145e-6	0.00036112255984475494	2.6023097403362017e-9	3.2262690463603203e-7	0.00741492522298344	0.9192811815282691	6.624494392782353e-6	0.0008212858321953641	4.028007013580617e-5	0.004993807672086905	3.598621573801454e-8	4.461467907974759e-6
0.0007568930946009189	0.09437377850957446	6.757785190620742e-7	8.425994732204424e-5	4.0958742582737005e-6	0.0005106971285782434	3.6569283829707736e-9	4.559668356094948e-7	0.007149576093536794	0.8914502133812585	6.383371679403929e-6	0.000795915446069688	3.868943300972592e-5	0.0048240207336626185	3.4543171194406964e-8	4.307040995053765e-6
0.0010367445861385752	0.13000193841158456	9.250509847524662e-7	0.0001159961891822134	5.588803805345159e-6	0.0007008045547679355	4.986694440313998e-9	6.253034278400752e-7	0.006825563353229004	0.8558872441049246	6.090211789686527e-6	0.000763678295099876	3.67947274113394e-5	0.004613851811482354	3.283065017231592e-8	4.116778827474105e-6
0.0013696942720797212	0.17272259078719437	1.2213545714109994e-6	0.00015401650583204952	7.355497963551642e-6	0.0009275505422575244	6.558887808698661e-9	8.27095592128638e-7	0.006448942346732176	0.813231136809484	5.75051336382378e-6	0.0007251571294431301	3.4631949089212136e-5	0.004367193535544539	3.088126321267138e-8	3.89422070136498e-6
0.0017384338201706375	0.22045374106805712	1.5491757457148189e-6	0.00019645360367023172	9.300241869091654e-6	0.0011793794443539915	8.287752438838325e-9	1.0509839425515133e-6	0.006037013305887926	0.7655638959152317	5.379781779165591e-6	0.0006822192513663872	3.229670480419627e-5	0.004095599910473953	2.878065944682382e-8	3.649724235596876e-6
0.0021178892690114233	0.27007405975850557	1.8861244942391864e-6	0.00024051932592628284	1.1287381740666427e-5	0.0014393712907232114	1.005218142818037e-8	1.281858068531098e-6	0.00561484226914425	0.7160068605660737	5.000399071886215e-6	0.00063765282610235	2.99245428138193e-5	0.0038159892882019255	2.6649841427450703e-8	3.3983980992507636e-6
0.0024825525907876483	0.31833548061288947	2.209481226100899e-6	0.00028331978570203504	1.3181004175702356e-5	0.0016901882823362243	1.1731143733044532e-8	1.5042739848716698e-6	0.0052079295139932395	0.6678081064575123	4.635077029475553e-6	0.0005943517488133969	2.765127350189549e-5	0.0035456978726044227	2.4609738342274386e-8	3.155684561131423e-6
0.007437605208816406	0.5936177888015086	6.580343608294064e-6	0.0005251971451347415	3.812244658403521e-5	0.0030426678762262367	3.372843686492324e-8	2.6919686578353828e-6	0.004862652373262983	0.3881030074176439	4.302180952792074e-6	0.000343370086542521	2.4924179242091026e-5	0.0019892742023795915	2.205140753817582e-8	1.7599895954757078e-6
0.008147509514169746	0.41746335932405576	7.166038600391876e-6	0.00036717460003730853	4.0364280174018705e-5	0.002068191263703035	3.550189039988196e-8	1.819051380414306e-6	0.010884475728466375	0.5577004597766039	9.573302501772752e-6	0.0004905183621160445	5.392372075013078e-5	0.002762951988267281	4.7427924287801846e-8	2.4301193591144132e-6
0.015256407019141972	0.5250220763638536	1.3340140297126785e-5	0.0004590771699388314	7.313766334086454e-5	0.0025169024279073546	6.395127560158873e-8	2.2007692545391617e-6	0.012822359522093997	0.44125866671799335	1.1211819057417469e-5	0.0003858347849500544	6.146908723566437e-5	0.002115349162628359	5.3748320075050476e-8	1.8496527112488508e-6
0.01817668378691699	0.44639930387048815	1.5801252630781705e-5	0.0003880613349141102	8.440727317224803e-5	0.002072949522993741	7.337645650358293e-8	1.802044833241731e-6	0.020733962890520458	0.5092032578278542	1.802433213401552e-5	0.00044265771532793523	9.62825392222029e-5	0.0023645929580735914	8.369979606941397e-8	2.055574665736404e-6
0.025951636269709963	0.48910489504371507	2.2429781455913032e-5	0.00042272925648438966	0.00011685234767281451	0.002202291009712982	1.0099450353235431e-7	1.9034216392682351e-6	0.024165188171027967	0.4554360927868519	2.0885769355121647e-5	0.00039362959322403386	0.00010880851366723867	0.0020506906040137773	9.404228530080928e-8	1.772394680770449e-6
0.02902182222330878	0.45249844369406017	2.4939223856955887e-5	0.0003888439497485042	0.00012682641524439708	0.001977434603375616	1.0898531237693744e-7	1.6992621571662573e-6	0.030935650561829512	0.4823382083378768	2.6583827458718026e-5	0.00041448605328579823	0.00013518991446577884	0.0021078354566505114	1.1617228973847616e-7	1.8113190792277784e-6
0.03410535820365348	0.4699067946198686	2.914024452632712e-5	0.0004014969969832686	0.00014477746950923858	0.0019947574285548567	1.2370052934820504e-7	1.704357388410869e-6	0.03321881291434585	0.45769189124028	2.8382763946301432e-5	0.00039106035916169196	0.00014101407893509873	0.001942905083505823	1.204850193124019e-7	1.6600537923316342e-6
0.0354641594876041	0.45363453821699123	3.0129142066371104e-5	0.0003853924538358124	0.00014635936784687542	0.0018721341547698277	1.2434193423205478e-7	1.5905014169610124e-6	0.036685739871365294	0.4692602025860041	3.1166955155969305e-5	0.0003986674861066317	0.00015140078812370244	0.0019366207348066554	1.2862495319913045e-7	1.645287019083716e-6
0.03762924991411159	0.46152694339658623	3.1788000268429126e-5	0.0003898833655750357	0.0001510942959118097	0.001853188376489148	1.2763968269273225e-7	1.5655149317019702e-6	0.03739160776809431	0.4586122359941294	3.158724769912123e-5	0.00038742111294169423	0.00015014008149580606	0.0018414848303443718	1.2683359253198504e-7	1.5556281460540799e-6
0.03792093864694585	0.45461112342940796	3.1854526595177474e-5	0.00038188459037292164	0.00014825660244902186	0.0017773584462842764	1.2453921379932366e-7	1.4930250652138279e-6	0.03870667299573256	0.46403081576204414	3.2514562886557264e-5	0.00038979736496750603	0.00015132852812214847	0.0018141858991686532	1.2711970736157627e-7	1.5239610367165404e-6
0.12101248324242753	0.30793774738613827	0.00010084504824895899	0.00025661812864892215	0.00045590602269863156	0.001160133813371484	3.799266292546846e-7	9.667907578618908e-7	0.15980775386615587	0.4066592009503441	0.00013317486111664195	0.0003388870771172005	0.0006020644772288825	0.0015320599489530475	5.01726926250232e-7	1.2767332372062148e-6
0.1074354670567629	0.40842866036124653	8.882433500074308e-5	0.0003376762362159659	0.0003905584322632766	0.0014847541659385136	3.229016820524404e-7	1.2275490119049066e-6	0.09990186867906548	0.3797887933099221	8.259578790736929e-5	0.0003139976762856635	0.00036317166276991986	0.0013806401160607004	3.002591445859183e-7	1.1414707223234513e-6
0.10438456385549495	0.29364822415172576	8.562637778390519e-5	0.00024087885074269003	0.0003666145980234239	0.0010313376008995985	3.0073297154266653e-7	8.460034680954107e-7	0.15673456684887027	0.4409160274125903	0.00012856894484300363	0.00036168223480316595	0.0005504758376077575	0.0015485647128413262	4.5155385328012025e-7	1.2702834808807433e-6
0.12448083506375619	0.43308110954081036	0.00010131820396858202	0.00035249603016337293	0.00042287907620742224	0.0014712380378208638	3.441923286848517e-7	1.197479078011678e-6	0.09784153798583166	0.3404003661156409	7.963578407207004e-5	0.0002770607516202811	0.0003323816005650227	0.0011563883893446207	2.705340688323832e-7	9.412147230415827e-7
0.08688127574029689	0.25797181214724085	7.016994829824626e-5	0.00020835178312627922	0.0002857932917396654	0.0008485903635898264	2.3082189268609585e-7	6.853668000626504e-7	0.16402712285614587	0.4870367494485581	0.00013247704562638495	0.00039335683364396325	0.0005395621896226573	0.001602092449000845	4.3577917827408026e-7	1.293935239296427e-6
0.14433197530296235	0.48047554814756444	0.00011567869340053392	0.00038508988395639845	0.0004601955626892764	0.0015319731803993993	3.688359512081479e-7	1.2278405769842308e-6	0.08575171976771996	0.2854641493924454	6.87279923853088e-5	0.000228792821168679	0.00027341523489333893	0.0009101887130798224	2.1913589876305359e-7	7.294949082209801e-7
0.06617057260684892	0.20236889429988855	5.263165692551644e-5	0.0001609629446683285	0.0002046979342965437	0.0006260259356554999	1.6281544842098713e-7	4.979370885553645e-7	0.1792833975926727	0.5483008761722762	0.0001426008859044067	0.0004361150655007696	0.000554611206992752	0.001696162694439688	4.4113426291353984e-7	1.3491171302690134e-6
0.1659917001890547	0.539994120956734	0.0001310342854281014	0.00042627278167735175	0.00049864736119063	0.0016221693203145133	3.936335405915136e-7	1.280544735000053e-6	0.06823964351047919	0.22199306513442102	5.386855436193438e-5	0.00017524191044945316	0.00020499529871875787	0.0006668782596107052	1.6182382886095533e-7	5.264354550022649e-7
0.04787919684098427	0.14881059938281332	3.751341166177922e-5	0.00011659329401083646	0.00013979121182567156	0.0004344770880204345	1.0952659238065036e-7	3.4041335143220385e-7	0.19464704793475168	0.6049713817770495	0.0001525062097882991	0.0004739958475822116	0.0005683041593086414	0.001766313726174991	4.4526703211106333e-7	1.383909052483002e-6
0.18045042070076223	0.5798816882935578	0.00014033405786872372	0.0004509668089771193	0.0005124639929261343	0.0016468151432046496	3.985369020457463e-7	1.2807077462501907e-6	0.05602463790448531	0.18003649693874596	4.3569667209587915e-5	0.0001400121544841462	0.00015910525190951887	0.0005112884843125991	1.2373418439247774e-7	3.976227235519734e-7
0.0762038369840567	0.10165000413158018	5.869139197481108e-5	7.82897616818946e-5	0.0016060283018133298	0.0021423171060128547	1.2369460687929315e-6	1.6499900527272631e-6	0.3430928257846313	0.45765920114783576	0.00026424647785234655	0.000352484292504409	0.0072308273463252415	0.009645362474103275	5.569107001451223e-6	7.428756505071634e-6
0.12121640473995808	0.7273611748128722	9.246809107999966e-5	0.0005548564115965842	0.015183855550951626	0.09111099306584612	1.1582773313917044e-5	6.950263558200298e-5	0.005631961135646071	0.03379468213821385	4.296255909974777e-6	2.577975937068763e-5	0.000705472865126431	0.004233202371228331	5.381592473966147e-7	3.2292340567479206e-6
0.05409350256917308	0.04148441405449398	4.087410733774033e-5	3.1346433718880026e-5	0.013002384818985246	0.009971554621313125	9.824855990018268e-6	7.534701480912513e-6	0.4018475608472023	0.30817768880201846	0.0003036438676618088	0.00023286508236515944	0.09659157526404172	0.07407627001607525	7.298648132860638e-5	5.597347681349794e-5
0.04112038788136753	0.7877005053044772	3.078024511851378e-5	0.0005896251441790301	0.006783436689396086	0.12994324186225362	5.077672045504728e-6	9.726768258007662e-5	0.001435392757500555	0.02749632624224098	1.0744485447139003e-6	2.0582093341057584e-5	0.00023678998172424018	0.004535939417530094	1.7724671518439282e-7	3.395330985619622e-6
0.06305237625281755	0.048276119451715255	4.67591168490531e-5	3.580116792760414e-5	0.013682291216548076	0.010475860933373028	1.0146673159344331e-5	7.768811178724298e-6	0.4019798079822449	0.3077762707866421	0.0002981048761276748	0.00022824431788857923	0.0872291438142171	0.06678708744553964	6.468840622116237e-5	4.952874755032506e-5
0.04036379346617258	0.7758147136298899	2.9658170133611043e-5	0.0005700466381653941	0.007291065344782481	0.1401383588304146	5.357267934493246e-6	0.00010296968970274471	0.0014936422844950253	0.028708641128642704	1.0974859691875597e-6	2.1094294905944196e-5	0.0002698022797859699	0.005185750903325388	1.9824305966272682e-7	3.8103426203051375e-6
0.06173730921951233	0.04733501032735488	4.4949460431918245e-5	3.446349056433148e-5	0.01272706262705075	0.009758048228929572	9.266270350965614e-6	7.104601873714184e-6	0.40720155856612367	0.3122081319013909	0.00029647373000180126	0.00022731128468082476	0.08394404944467171	0.06436128327613744	6.111765764834648e-5	4.6859913276781945e-5
0.04023931540333264	0.7712074927401467	2.903273691884595e-5	0.0005564275639916351	0.007571747441659381	0.1451164936981043	5.4630291118579905e-6	0.00010470180573135433	0.0014667750747339036	0.02811151025958034	1.0582807991893193e-6	2.028250415240017e-5	0.00027599998430108435	0.005289683826766356	1.9913447466741322e-7	3.816516195344189e-6
0.06251028408529266	0.04787091397249857	4.4697684288797015e-5	3.422987162303321e-5	0.012554448921083426	0.009614305119031018	8.976999585040169e-6	6.874663603836053e-6	0.40875068093487027	0.31302479215315465	0.00029227524969057387	0.00022382690366815828	0.08209272474674714	0.06286731570052406	5.870001627461065e-5	4.495297806408933e-5
0.04001570538117119	0.7687980375441196	2.8359272964017967e-5	0.0005448499081356659	0.007678818305875763	0.14752858628834617	5.442005890014755e-6	0.00010455403468947737	0.0014640549904568721	0.02812802105569118	1.037580987594826e-6	1.9934428731358367e-5	0.0002809449978312481	0.005397629778935032	1.9910672086067346e-7	3.8253194539851e-6
0.016908045829288634	0.3230409065942587	1.1928664073114684e-5	0.00022790608066381495	0.029996710088705084	0.5731096615029776	2.1162745923419815e-5	0.0004043301454318994	0.0010083214767599696	0.01926473865044561	7.113730525346368e-7	1.359131611882927e-5	0.0017888718377016815	0.03417773917025169	1.2620530744502052e-6	2.4112471272951265e-5
0.02598011642328429	0.4944429338883678	1.8246607779060168e-5	0.0003472619651428146	0.01999780880534527	0.38059010575455976	1.4045055371066058e-5	0.0002672997407382894	0.002208345616650877	0.04202832920170351	1.5509867489093194e-6	2.9517744495763838e-5	0.001699841243910937	0.032350682271404786	1.1938490174168219e-6	2.272084547944052e-5
0.0202470182161229	0.384289357349716	1.4156424098961535e-5	0.000268689594748718	0.0250064450963859	0.47462350322966507	1.7484146959967725e-5	0.0003318499310532357	0.0021303598706722453	0.040434330472046635	1.4895169990329655e-6	2.827110264878633e-5	0.0026311393891613978	0.049939149269554846	1.839654839979885e-6	3.4916735326400114e-5
0.02319312191361534	0.43937591446678465	1.61440266680776e-5	0.0003058362089796411	0.021666122417641303	0.41044807963571567	1.508112876770161e-5	0.0002857004230901024	0.002712123787724181	0.05137910600465079	1.8878268703638123e-6	3.576343282333795e-5	0.0025335617264243254	0.04799638464161422	1.7635352510523329e-6	3.340882337925617e-5
0.021259938520886902	0.4022243091670546	1.4732737918421806e-5	0.00027873388841433323	0.02344051379229971	0.4434793852938781	1.624383560826479e-5	0.00030732288098286257	0.002600255821624946	0.04919516114701702	1.8019284252969102e-6	3.409132229246408e-5	0.002866957135855558	0.05424097780189405	1.9867474247120744e-6	3.758797842285111e-5
0.022341697143932485	0.42230440599324853	1.54139868914209e-5	0.00029135631622940637	0.022311710714204996	0.4217376002885456	1.5393298649531205e-5	0.0002909652655564881	0.002780851514357115	0.05256386027258182	1.9185654748224627e-6	3.626486600298814e-5	0.002777119129660437	0.05249331046196918	1.9159904274382956e-6	3.621619226755213e-5
0.021679580596744432	0.4095288403292311	1.489140084654813e-5	0.00028129963549573345	0.022968337112730643	0.43387354382122706	1.5776629681465423e-5	0.00029802167200247763	0.002716221501624624	0.05130961997506058	1.8657345785913949e-6	3.5243860688311435e-5	0.00287768902372264	0.054359753107505286	1.9766443623176323e-6	3.733895449826231e-5
0.022077022844689796	0.4168525475913765	1.5098001007258433e-5	0.0002850764900543038	0.02257767799615245	0.42630578668163516	1.5440388295356502e-5	0.000291541356912061	0.0027727307512292396	0.05235397388343374	1.8962109143708517e-6	3.580375651131737e-5	0.0028356097881350587	0.053541239345297725	1.9392125350702625e-6	3.661570182048374e-5
0.02184573344695499	0.41235896135535655	1.4874698681068411e-5	0.00028077406114529956	0.022817669379446303	0.4307051749351955	1.5536487133638157e-5	0.0002932659465563004	0.0027461237474706696	0.05183569318054302	1.8698279636038633e-6	3.529477821640101e-5	0.0028683012130025706	0.054141908850074	1.9530182574805364e-6	3.686507400258406e-5
0.02199026149462138	0.4149986832036095	1.490811760069865e-5	0.0002813449569414056	0.022680682140878004	0.4280282535487901	1.5376182620792295e-5	0.00029017824739773027	0.002765191866838754	0.05218450830264546	1.8746391692254593e-6	3.537805982438e-5	0.0028520096409790662	0.053822927288963984	1.933496567853085e-6	3.648881255159189e-5
0.03807309680487189	0.04709616114543778	2.5558548622020197e-5	3.161575037395285e-5	0.020730080402030122	0.025642968108834343	1.3916145844639498e-5	1.7214177522294172e-5	0.2511688697215121	0.3106941792454386	0.0001686101816727887	0.0002085696450572699	0.13675669437921092	0.1691670984687681	9.180505175587803e-5	0.00011356222304739926
0.009908127222856224	0.2557667391021226	6.5868377209952965e-6	0.00017003152735135905	0.02714551076160794	0.7007296750027598	1.8046101974526252e-5	0.000465839058352181	5.7696582675368056e-5	0.0014893699360433656	3.8356191699069084e-8	9.90120317855466e-7	0.0001580725772585221	0.0040804590733975075	1.0508528918961846e-7	2.712654080746073e-6
0.1628459052885878	0.2280250675438429	0.00010721873022779371	0.00015013308537805193	0.008979557277639223	0.012573629967047018	5.912194891299439e-6	8.278554115510774e-6	0.2317448409832676	0.32450083976320887	0.00015258220673731144	0.00021365331805921808	0.012778743620963977	0.01789344271280221	8.41360218740664e-6	1.178115104380749e-5
0.002064878326691928	0.03879258029545571	1.3465948328367991e-6	2.5298288767433523e-5	0.0449374251902087	0.8442331213553824	2.930560303718734e-5	0.0005505602650922945	0.00015390712707111565	0.002891431668283437	1.003693725541445e-7	1.885625362850772e-6	0.003349441911223113	0.06292549667769017	2.1843132896677404e-6	4.1036388238728924e-5
0.05339324617901695	0.06595633788374548	3.4491885166696355e-5	4.2607606675093165e-5	0.0009100120489170862	0.0011241321041881628	5.878651952780762e-7	7.261861419673795e-7	0.38619431094587725	0.4770633794417392	0.00024948042642912915	0.00030818158622105194	0.006582133534373739	0.008130867749331505	4.2520395418231935e-6	5.252517439663575e-6
0.00301140316319444	0.07801331282485074	1.927198097851323e-6	4.99259315128192e-5	0.03392785036496509	0.878933792839961	2.171269841471014e-5	0.0005624884619904512	1.658607301391506e-5	0.00042967827037738385	1.061453635764023e-8	2.749798351413481e-7	0.00018686631210201773	0.004840952629862003	1.195882390099778e-7	3.0980490470634554e-6
0.17418420723013392	0.2443183627715592	0.00011044119085121012	0.00015490962906676727	0.0026535058823158805	0.003721923032411182	1.6824507470213293e-6	2.359878765661856e-6	0.23551889922372063	0.3303490757005011	0.00014933034464983329	0.00020945725159087853	0.003587872829716486	0.005032506847367298	2.274884469939702e-6	3.1908521330856945e-6
0.004126024679019812	0.0771808408182339	2.5921269586169634e-6	4.8487964502722323e-5	0.04262139683418645	0.7972698906133535	2.67763962512343e-5	0.0005008755248752959	0.0003501395059939829	0.006549660648834639	2.1997106740026625e-7	4.114748034340454e-6	0.0036169039192079635	0.0676572990614184	2.2722777697814387e-6	4.2504910291999465e-5
0.053469468213685645	0.06596449215334939	3.3286571497198306e-5	4.106515096734843e-5	0.0008236516934293656	0.0010161269128614219	5.127513307698781e-7	6.325737334812669e-7	0.38715521115797996	0.47762765820854475	0.0002410173515326738	0.0002973395420814904	0.0059637968347823435	0.007357447954035915	3.712667366400645e-6	4.5802628217695275e-6
0.0032241084231512053	0.08380618950036434	1.9890584070547007e-6	5.170279156616981e-5	0.033596187862862475	0.873285918769751	2.07265920196015e-5	0.0005387587731288902	1.774727392303793e-5	0.000461315565825572	1.0948876329791381e-8	2.846007280405649e-7	0.00018493197824572644	0.0048070481446125255	1.1409061290296089e-7	2.965625925139628e-6
0.020324675267628635	0.3094544172732789	1.2508988197350364e-5	0.0001904562607922554	0.04093846258050611	0.6233107252686034	2.5195912775681467e-5	0.0003836217013555544	0.00010952602640868799	0.00166759430260323	6.74086918294373e-8	1.0263345994243945e-6	0.00022061002572892495	0.003358909604096849	1.357762508735158e-7	2.067268482293271e-6
0.04587227599470597	0.4500635534164624	2.8165146080235977e-5	0.0002763347894233038	0.04608203858001529	0.4521215828573612	2.8293938335019387e-5	0.0002775984001464131	0.00024210774896212147	0.0023753753535169803	1.4865188109397978e-7	1.4584581291523246e-6	0.00024321484788504338	0.002386237358168576	1.4933162942155274e-7	1.4651272978626738e-6
0.06246978432879342	0.44521925424495934	3.826461510687084e-5	0.00027271013634665544	0.059869563121372274	0.42668759835277814	3.667190168927646e-5	0.00026135894172310623	0.0003230562518940269	0.0023024069170851313	1.978816362088123e-7	1.4102932393357457e-6	0.0003096094675583613	0.00220657230907035	1.8964507780609332e-7	1.3515916697848953e-6
0.07440315158127768	0.4336863569081874	4.546600096851727e-5	0.0002650154449664748	0.07120639650689635	0.4150528846335389	4.351253977475094e-5	0.0002536289720754638	0.00037716104344298	0.0021984229891094573	2.3047416677952286e-7	1.343404138504436e-6	0.0003609561992413442	0.00210396704609211	2.2057177089295302e-7	1.2856843523739037e-6
0.08169259962903277	0.4264577984087495	4.9802216427155476e-5	0.0002599812427300062	0.07817935676942937	0.4081177061361899	4.7660440035540335e-5	0.00024880058195045346	0.00040608427484576987	0.0021198714033528535	2.4756094230530715e-7	1.292336085605441e-6	0.00038862035907521455	0.0020287049683890184	2.3691442454457562e-7	1.2367583399396314e-6
0.0855181812752331	0.42268106347943424	5.201126021863733e-5	0.00025707018617906514	0.08184031303404585	0.4045028791876165	4.97744193587201e-5	0.0002460144052982586	0.0004170171144200512	0.0020611434291954505	2.536254318122186e-7	1.2535657990526747e-6	0.0003990825187786767	0.00197250012731825	2.427177989918076e-7	1.199653873286436e-6
0.08735550307818966	0.420890499968	5.300350384456757e-5	0.0002553779721608141	0.08359861420967678	0.40278930681503666	5.072398776865875e-5	0.0002443949587607814	0.0004180280695687721	0.002014115161628402	2.536411744168363e-7	1.2220771096380614e-6	0.00040004998065681035	0.0019274943241998574	2.427328552934237e-7	1.1695193688217314e-6
0.08820061965273988	0.4200904473936482	5.3390470775005895e-5	0.0002542933013706213	0.08440738484828005	0.4020236615553111	5.109431239462709e-5	0.0002433569360128974	0.00041434154033222036	0.0019734659885298064	2.508133161317436e-7	1.1945979359431364e-6	0.0003965219971372895	0.0018885933436143644	2.400266141344257e-7	1.1432219877264904e-6
0.0885832256725366	0.41975131068653054	5.3496307867584505e-5	0.00025349207114356084	0.08477353616815726	0.401699110051126	5.119559776068936e-5	0.00024259016420184528	0.0004086545656826125	0.0019364082563149638	2.4679063435854065e-7	1.1694165735180937e-6	0.00039107960159682836	0.0018531293493405506	2.36176935406434e-7	1.1191235974771427e-6
0.0887568831057403	0.4196196124208958	5.34757589224483e-5	0.0002528195723842374	0.08493972513423934	0.4015730757185837	5.117593256183016e-5	0.00024194658752594496	0.00040222220296900563	0.0019016026589831563	2.423376847697746e-7	1.145709964115372e-6	0.00038492387483203544	0.0018198206326842242	2.3191549335379193e-7	1.0964365357397853e-6
0.282526714584891	0.12391558250284204	0.0001690287467499105	7.413562871042077e-5	0.4092051327342033	0.1794764522017462	0.0002448173117056167	0.00010737632308985093	0.0012146285825477736	0.0005327333684255347	7.266822444607499e-7	3.187212003973868e-7	0.0017592398335658098	0.0007715986400040351	1.0525096882857812e-6	4.616283854977871e-7
0.03192447833542233	0.5670255317996558	1.896672666969291e-5	0.0003368768680692391	0.021127654973054178	0.375258122338155	1.2552200629097465e-5	0.00022294548284200856	0.00013055602869687554	0.0023188664454810303	7.756494829319392e-8	1.3776671804269064e-6	8.640212378659861e-5	0.0015346283711817359	5.133256832964648e-8	9.117416594859135e-7
0.1827880232334562	0.07306318338288012	0.00010784621920829102	4.310779203023538e-5	0.5284481516999917	0.2112288515024197	0.0003117881259411876	0.00012462650790391616	0.0007127945284187651	0.0002849149327341797	4.205537846653096e-7	1.6810181404566873e-7	0.002060720086696687	0.0008237015036964783	1.2158393436586056e-6	4.859896800590271e-7
0.03818288265806179	0.7743996196030098	2.2373571165532426e-5	0.0004537657660609083	0.008604785129576199	0.17451648139778503	5.042043948979861e-6	0.00010225935404296306	0.00014229334848148427	0.0028858982681558864	8.337794679208748e-8	1.69101560134407e-6	3.2066821670221996e-5	0.0006503577722425947	1.878981540278416e-8	3.8108243504382444e-7
0.05367585833028738	0.0227582466596073	3.1237445690804046e-5	1.3244492331597508e-5	0.6456701848271665	0.2737603418771861	0.00037575714595195	0.0001593188088220882	0.00019154226395187696	8.121278772912887e-5	1.1147080370607207e-7	4.726296187900891e-8	0.002304073615497974	0.0009769135938308391	1.3408891198134836e-6	5.685290609443264e-7
0.04546548990556786	0.848416771937917	2.628019245784027e-5	0.000490406154146763	0.005194650790788381	0.09693569484062019	3.002638326711896e-6	5.6031260671272314e-5	0.00015564435913040085	0.002904428941996052	8.996633977594555e-8	1.6788327088152656e-6	1.7783116269455925e-5	0.0003318449692649362	1.0279086820182274e-8	1.918147077390364e-7
0.042173821669194755	0.017213872253576314	2.421362044706084e-5	9.883149135539244e-6	0.6652356886716247	0.2715258354610445	0.0003819375108967068	0.00015589347280393987	0.00013873670938323096	5.6627450339623955e-5	7.96541050851339e-8	3.251200709680954e-8	0.0021883862253347197	0.0008932223695514377	1.256437082403084e-6	5.128334728778154e-7
