N <-
2
y <-
c(1.0, 2.0)