N <-
2
y <-
c(8.0, 9.0)
