0.010865225445984046	0.0023420268070129253	0.0021402577167973203	0.0004613379604109654	0.11033965882173621	0.023783992345292944	0.021734966056253448	0.004685026869099751	0.05074561612121308	0.010938345815750768	0.009995991066821747	0.002154661139572698	0.5153371181619634	0.11108221834736139	0.10151232014296614	0.021881237181763127
0.016187137786747893	0.007220825586863251	0.007951777518343344	0.003547161908543522	0.10342725589546409	0.04613725944560972	0.05080765599504588	0.022664489995132153	0.0465674335135075	0.02077299395722536	0.022875808915570603	0.01020453575634467	0.2975412902421575	0.13272845329628372	0.14616432958663297	0.06520159060052798
0.019823466961723882	0.009626079524582224	0.010830004378499873	0.005258943029506664	0.09967977870793197	0.048403514818472965	0.05445729760284694	0.026443925193863245	0.05238711730231757	0.025438666111705872	0.028620256530129565	0.013897713548539286	0.26342194682313946	0.12791509242736923	0.14391331460818654	0.06988288243118472
0.02152933696938106	0.010399942540131707	0.011636339469745868	0.005621039887802114	0.09895179497012811	0.04779956686059578	0.053482217267102644	0.025835072732975927	0.05668654527753027	0.027382952597347788	0.030638374286889397	0.014800146077877979	0.26053916169571284	0.12585581780540056	0.14081818380965605	0.068023507751722
0.022001767802779987	0.010632423203642232	0.011906691029910408	0.005753945733807004	0.09841784590331208	0.04756073229273162	0.05326076038544528	0.02573842927722766	0.05792543218789569	0.02799264653623732	0.031347491256959605	0.015148773335129722	0.259110827368642	0.1252161189011906	0.1402229398854511	0.0677631748996378
0.02213746416306561	0.010697672685823195	0.011978374640164489	0.005788410554377602	0.09828969913140635	0.04749735660555519	0.053183636156002904	0.02570037505867808	0.05828257357431593	0.028164377400807922	0.03153615500509201	0.015239480977984825	0.2587729370910145	0.12504901919016537	0.14001961400725502	0.06766285375829115
0.02217325584751538	0.010714993435890722	0.011997944779623711	0.005797881034789614	0.09825310291393585	0.04747978195077237	0.05316473644172477	0.02569130153512274	0.05837680178072579	0.0282099774697211	0.031587677019235316	0.015264413771424953	0.258676576529504	0.12500274378256918	0.13996984936837173	0.0676389623390727
0.022182789067062576	0.010719598376068704	0.012003079563328663	0.005800361343467414	0.09824365996987881	0.0474752103844268	0.05315952217036585	0.02568877726814633	0.05840190037479652	0.028222101130942024	0.03160119562643898	0.015270943806700583	0.25865171528568376	0.12499070783036346	0.1399561213145775	0.06763231648775193
0.022185300096292423	0.010720811947931293	0.012004441022136748	0.005801019331709112	0.09824113875217076	0.04747399266817499	0.05315817009367731	0.025688124235276864	0.058408511304037354	0.028225296170496735	0.03160478001635423	0.01527267612970876	0.2586450775253031	0.12498750187608623	0.13995256162152955	0.06763059720911463
0.02218596336504449	0.010721132454641683	0.012004799597626067	0.005801192603624407	0.09824047664516558	0.047473672663654515	0.05315781041803372	0.025687950399684086	0.058410257529671085	0.028226139986870916	0.03160572405858311	0.015273132312604689	0.2586433343581	0.12498665938177554	0.1399516146827711	0.06763013954214901
0.02218613825976354	0.010721216971496396	0.01200489426992527	0.0058012383534616265	0.098240301617216	0.04747358808691777	0.053157715874290974	0.02568790471440548	0.05841071798502277	0.02822636249923876	0.03160597330777178	0.015273252760823478	0.2586428735519806	0.12498643671175087	0.13995136577203818	0.06763001926389632
0.02218618440534374	0.010721239270797595	0.012004919234956099	0.005801250417514984	0.09824025548697757	0.0474735657946883	0.05315769089427374	0.02568789264292504	0.058410839475136984	0.028226421207887303	0.03160603903463953	0.01527328452254831	0.2586427521022576	0.12498637802172047	0.13995130000571487	0.06762998748261778
0.022186196577060138	0.01072124515265577	0.012004925821556005	0.0058012536004224055	0.09824024331348968	0.04747355991200004	0.05315768430941821	0.025687889460874597	0.05841087152031255	0.028226436693392514	0.0316060563755587	0.015273292902371144	0.25864272005241856	0.12498636253403006	0.13995128266938842	0.06762997910505127
0.0221861997879616	0.01072124670428962	0.012004927558913352	0.005801254439981796	0.09824024010279327	0.04747355836046329	0.05315768257185807	0.02568788862121616	0.05841087997383679	0.028226440778467858	0.03160606094959893	0.015273295112727252	0.2586427115994336	0.12498635844921009	0.13995127809481403	0.06762997689443424
0.022186200634950307	0.010721247113588	0.012004928017224694	0.005801254661455931	0.0982402392557808	0.047473557951153614	0.05315768211357026	0.025687888399753507	0.05841088220375254	0.02822644185605119	0.03160606215622148	0.015273295695814919	0.2586427093694554	0.12498635737159708	0.13995127688825348	0.06762997631137685
0.022186200858378885	0.01072124722155749	0.012004928138120844	0.005801254719877714	0.098240239032355	0.04747355784318543	0.053157681992671346	0.02568788834133035	0.058410882791985766	0.028226442140308658	0.03160606247451173	0.015273295849625295	0.25864270878122947	0.12498635708734307	0.13995127656995604	0.06762997615756285
0.02218620091731686	0.010721247250038654	0.012004928170012223	0.005801254735288891	0.09824023897341666	0.04747355781470412	0.05315768196078032	0.02568788832591937	0.05841088294715515	0.02822644221529264	0.03160606255847398	0.015273295890199183	0.2586427086260591	0.12498635701235869	0.13995127648599465	0.06762997611698948
0.02218620093286409	0.01072124725755167	0.0120049281784248	0.00580125473935417	0.09824023895786946	0.047473557807191036	0.053157681952367676	0.025687888321854015	0.05841088298808731	0.028226442235072636	0.03160606258062228	0.01527329590090209	0.2586427085851274	0.12498635699257879	0.13995127646384636	0.06762997610628649
0.022186200936965318	0.010721247259533563	0.012004928180643968	0.005801254740426565	0.09824023895376831	0.04747355780520924	0.05315768195014855	0.025687888320781678	0.058410882998884736	0.028226442240290413	0.03160606258646477	0.015273295903725418	0.25864270857432964	0.12498635698736092	0.13995127645800373	0.06762997610346316
0.022186200938047178	0.01072124726005634	0.012004928181229363	0.005801254740709445	0.09824023895268642	0.047473557804686414	0.05315768194956317	0.025687888320498776	0.05841088300173304	0.028226442241666788	0.03160606258800597	0.0152732959044702	0.2586427085714814	0.1249863569859845	0.1399512764564626	0.06762997610271838
0.02218620093833252	0.010721247260194244	0.012004928181383755	0.005801254740784064	0.09824023895240093	0.04747355780454847	0.05315768194940866	0.025687888320424138	0.05841088300248436	0.028226442242029894	0.03160606258841252	0.015273295904666653	0.25864270857073013	0.12498635698562155	0.13995127645605607	0.06762997610252196
0.0278876727845363	0.02952215416925965	0.04495933050251753	0.04759437249199244	0.06431577010424468	0.06808528252615696	0.1036871734325591	0.10976422246133546	0.028358341856714965	0.030020408900621312	0.04571812334037412	0.048397637766754036	0.06540124769412113	0.06923437936916704	0.10543713464636795	0.11161674795327743
0.03276402210250878	0.019261266591714937	0.02266621129668105	0.01332497997479025	0.09310137546463348	0.054732303844415436	0.0644077043316191	0.037863909376275144	0.06413604385151404	0.03770420600062225	0.04436943416541969	0.02608383968579532	0.18224727967628826	0.10713927088918151	0.1260790063095388	0.07411914643900169
0.028030367196202794	0.02611926497368291	0.03792397228593661	0.035338326967231895	0.07219828524488085	0.06727582731103302	0.09768140922142196	0.09102151936142673	0.0334951939660562	0.031211501455565782	0.045317665615628	0.04222792045206225	0.08627413088693102	0.08039198592144088	0.11672546869783676	0.10876716044266238
0.033756275346414163	0.022033350180738525	0.026644143840003232	0.017391129366857702	0.0907421983687324	0.05922912443125058	0.07162366584829516	0.04675010186013686	0.057930381178397515	0.03781223969494859	0.04572499166402853	0.029845554434130162	0.15572601202356404	0.10164527098898561	0.12291599773393447	0.08022956303958248
0.028828672637093176	0.024914117964574087	0.03519588579734427	0.030416747300895813	0.07600949575066693	0.06568840568550205	0.0927972496559572	0.08019660335459924	0.03758962032403299	0.032485444154356294	0.04589181058540737	0.03966030614470963	0.09910855495346388	0.08565091638079819	0.12099805723256682	0.1045681120780321
0.03341489249773842	0.023191745183882284	0.028610543823130587	0.01985726699444718	0.08886525694896148	0.06167730137093893	0.07608832883314234	0.05280942124488693	0.053486564204164255	0.03712257245383305	0.04579633734316222	0.03178513850043406	0.14224487694048038	0.0987256487489699	0.12179309825991134	0.08453100665191648
0.029552906741116186	0.024388806171804653	0.03379748330855771	0.027891681746500332	0.07829035511743472	0.06460983052554889	0.08953491422964568	0.07388950562070858	0.04048506621918896	0.033410670615989055	0.046299789112968094	0.03820932378541934	0.10725138609947273	0.0885101858220336	0.12265551281537668	0.10122258206823478
0.032918843078700646	0.023714703189131894	0.0297142005899819	0.021406081793612145	0.08735874239681565	0.06293315478807796	0.07885438709561104	0.0568066253319599	0.050693754520876176	0.03651973245630673	0.04575872812089342	0.03296454413980588	0.13452910941399443	0.09691464224377151	0.12143272874937366	0.0874800220910871
0.03010057661789457	0.024140887587509558	0.03297698815948543	0.026447791158243115	0.07981760564311537	0.06401431672870705	0.08744497720507795	0.07013152577100962	0.04241788542115207	0.03401946137613619	0.046471339172026255	0.03727036160250758	0.112479375187371	0.09020930019983	0.12322790592440486	0.09882970224552927
0.03249647591275539	0.02395286794003547	0.030377537392870274	0.022391016904983994	0.08620084932765777	0.06353789148729913	0.08058010754083861	0.0593948919169404	0.048962282387751445	0.036089669760658485	0.04576968801378192	0.03373643639372051	0.12987840091264005	0.09573223243269734	0.12140965656836938	0.08948999510699965
0.03049649691454137	0.02402755297928372	0.03246859807958993	0.025581330298576985	0.08088302471790972	0.0637260458793097	0.0861134453700202	0.06784698507028283	0.043678331215429245	0.0344132449135498	0.046502855229407135	0.036638628392094606	0.11584397884237263	0.09127105145112337	0.12333520140078946	0.0971732292457192
0.032176297130809	0.02405520968447706	0.030790350728210347	0.023019067110630814	0.08534417713587393	0.06380386369526861	0.08166810294985609	0.06105560664751521	0.04788163367267442	0.035796621760079486	0.04581920313042137	0.034254735229386574	0.12700089786910201	0.09494669992442639	0.1215305220575875	0.09085701127368122
0.030778006447526336	0.02398257674399661	0.03214605795074489	0.0250485782155869	0.08163280009730654	0.06360921707189826	0.08526129614936434	0.06643658294376291	0.044493145668937965	0.03466957102651741	0.0464708213484557	0.036210598670384876	0.11800959468525517	0.09195443395244754	0.12325500275541787	0.09604171627239676
0.03194422132838423	0.024092379436533112	0.03105232510672086	0.023419709974052554	0.08472715402169888	0.06390134610839805	0.08236153590982155	0.06211719339522355	0.0472008868703673	0.03559897937506817	0.04588301806943228	0.0346050407570846	0.1251931224341	0.09442083992345181	0.12169767730399754	0.09178456998566555
0.030976100060911577	0.023971323039832536	0.03193873939915436	0.024716276035932502	0.08215884308746436	0.06357986203414145	0.08471208039574354	0.0655557233011751	0.04501855182778326	0.03483828650240607	0.04641758620767382	0.035920950394834165	0.11940406082013669	0.0924026365023007	0.12311476184012865	0.09527421855038133
0.03177983885747468	0.024099449104773064	0.031220739705003192	0.023675470190659114	0.08429086164829107	0.06391987509441624	0.08280794194186947	0.06279533987724138	0.0467685109334421	0.03546573517887475	0.04594571774866511	0.034841790464453286	0.12404588022824896	0.09406710306570161	0.12186355492401339	0.09241219103687262
0.031114301211965092	0.023975338495220648	0.031804247883735655	0.024506981641780824	0.08252552673068107	0.06359061141645023	0.08435549591803504	0.06500070674218948	0.04535743603734111	0.03495048385828401	0.04636321829228616	0.03572549628265177	0.12030308103770986	0.0927003653480055	0.1229707517592941	0.09475595734436942
0.0316650442159447	0.02409387528317896	0.0313300720957344	0.023838995598418396	0.08398632887065177	0.06390504682392294	0.0830978703402097	0.06322902032350929	0.04649202607253601	0.035375699153135313	0.04600020510932548	0.035001473465388414	0.12331246294690933	0.09382823162484001	0.12200798862247808	0.0928356594538171
0.031210001370559383	0.02398507108018575	0.03171634507766182	0.02437419922092699	0.08277938143567243	0.06361644538668042	0.08412237461180613	0.06464854360440617	0.045576368459531155	0.035025709358339506	0.046315788720622024	0.03559395821260341	0.12088380081659252	0.09289991758103605	0.12284499111284947	0.09440710395052677
0.031585653208801474	0.024084115094304352	0.03140161581645206	0.02394378626495586	0.08377574551961846	0.06387915057091213	0.08328761663256853	0.06350695145193716	0.046314243641912715	0.035314690723782724	0.04604438844619627	0.03510892567122971	0.12284090702918585	0.0936664036555448	0.12212516054599498	0.0931206457266029
0.05280831343548593	0.03723866039411916	0.0599522253159608	0.04227630865621555	0.07239408590981912	0.051049893555716	0.08218756229188719	0.05795592628700543	0.06303420116543977	0.04444961517814856	0.071561471765213	0.050462761845702045	0.08641259448670892	0.06093527799929595	0.09810249556886382	0.06917860614441879
0.03553299037520617	0.026933667327951497	0.03547410502727634	0.02688903279663607	0.08085445520292138	0.061286904800947416	0.08072046302618571	0.06118534001074435	0.05137088041189787	0.03893863670769107	0.051285748478599395	0.038874107515348026	0.11689318869983589	0.08860392058478894	0.11669947305658335	0.08845708597738641
0.04957436664326797	0.03515256562620138	0.056052549039958634	0.03974616403718776	0.07474162699155512	0.05299835632265196	0.08450856755099574	0.05992397216467637	0.05993428637615072	0.04249865561082842	0.06776626215819376	0.04805221204135674	0.09036093408042796	0.06407381234266253	0.10216894398846468	0.0724467250254202
0.037977956771617576	0.0286415677234817	0.03806373379300809	0.02870625757454581	0.07927476883896417	0.05978609313077694	0.07945381884903502	0.05992112601367197	0.054240648250237555	0.04090628702241685	0.05436315619012424	0.04099867797114611	0.11322133198399566	0.08538733316442963	0.11347705370893879	0.08558018901360998
0.04750022055393578	0.033841268676121104	0.05350360378424098	0.038118345761095684	0.07607025578648582	0.054195831815320276	0.08568450373287298	0.06104544943979199	0.058065330818500176	0.041368322885269274	0.06540400060219288	0.046596717469106576	0.0929899801765076	0.06625019561261011	0.10474265166029932	0.07462332122564952
0.039596252327905146	0.02973330455997781	0.039831339073354795	0.029909834039146283	0.07838578767876679	0.05886083558933199	0.078851171613648	0.059210298012153065	0.05595943280904241	0.042020614601000546	0.0562916693254517	0.04227009501764547	0.1107787722552348	0.08318511931302204	0.11143647644447797	0.08367899733984124
0.04611983716614286	0.03299033435860921	0.0517642957145426	0.03702791528315156	0.07682384695101314	0.05495345502843864	0.08622607051224315	0.061679031657904275	0.05692172845332448	0.0407171180414249	0.06388819573725325	0.04570035517140854	0.09481703370140179	0.06782429941008335	0.10642138552254556	0.07612509729051277
0.04069887818538365	0.0304488094319634	0.041081176605196085	0.030734825466066033	0.07789710613446807	0.05827861223068468	0.07862882017453376	0.05882604307787334	0.056995403730155894	0.04264103248183851	0.05753078096299657	0.04304157421821571	0.10908843711420253	0.08161436336871764	0.11011314194608031	0.08238099487162387
0.04518211153455792	0.032430642929705024	0.05054319728230749	0.03627870252001027	0.07723522256719093	0.05543760217485754	0.08639957183875013	0.0620155536874095	0.0562316238734058	0.04036171956684855	0.06290379007108235	0.04515084145990115	0.09612348422129927	0.06899514626614478	0.10752902114244749	0.07718176886408183
0.04146299238447261	0.03092300898476548	0.0419871375260635	0.031313915284350506	0.07764882732448115	0.05791032549572159	0.07863040760250266	0.05864238591902799	0.057607760276263346	0.042963741548046636	0.05833599588904181	0.0435068580744218	0.10788355526208536	0.08045931942739454	0.10924734108882536	0.08147642791253537
0.04453564241257196	0.03206028422188266	0.04966486669335466	0.03575270627692534	0.07744055271987602	0.055747845905059934	0.08635947567260509	0.06216839334364022	0.0558309448664154	0.040191537919485626	0.062261062913775596	0.04482044638495396	0.09708132621676588	0.06988683091878355	0.10826230101956914	0.07793578251433503
0.041999367799674725	0.031238999883693518	0.042658499364933586	0.03172925990352696	0.07754474501794968	0.05767754153231647	0.07876172022112586	0.058582723924866034	0.05795323024007911	0.043105433428536406	0.05886273924845629	0.04378192341625314	0.10700085971218525	0.07958690854698884	0.10868011461150977	0.0808359331479043
0.04408422542991246	0.031814606427239045	0.04901800368617291	0.03537520462061662	0.07752325470758416	0.055946811210317623	0.08619943183672328	0.06220821555540292	0.05561555069353001	0.040136507771059454	0.06183988132530977	0.044628468952001905	0.09780138950091673	0.07058109073404564	0.10874703648112359	0.07848032106804387
0.042380248711703726	0.03145008704728079	0.04316695684838935	0.03203389766972139	0.07752497067689967	0.057530740150023275	0.07896407325609213	0.058598688139037104	0.05813032317044363	0.043138107476281495	0.059209401269712164	0.04393888380923014	0.10633612912193253	0.07891129992901887	0.10831005566901236	0.08037613705522136
0.043765145754702445	0.03165163457093898	0.0485301223772162	0.03509773982648168	0.07753524371821978	0.0560746950162755	0.08597697554310525	0.062179886859225826	0.055517997601817526	0.04015147994826876	0.06156257842382954	0.04452301487666034	0.09835684082788516	0.07113319811351781	0.10906554610299148	0.07887790043886381
0.04265371917962048	0.03159111537485917	0.0435605463184133	0.03226274920463186	0.0775519399352189	0.057438186614409234	0.07920071066733567	0.058659334674339245	0.05820197559890527	0.04310679963092762	0.05943936197504248	0.0440232593564492	0.1058213961776624	0.07837571963418541	0.10807118156014554	0.0800420040978543
0.04353693601121227	0.03154382004464633	0.048153285499494866	0.03488850414193973	0.0775088239389167	0.05615747496727169	0.0857273127098228	0.06211201735311264	0.05549433295658629	0.04020731389616919	0.0613785604428923	0.0444706137499301	0.0987965823233848	0.0715810964058736	0.10927227478220115	0.07917105077654553
0.04285215427480903	0.031685080410582385	0.04387185124555304	0.03243904905134788	0.07760225830908178	0.0573794675244947	0.07944885830060619	0.05874485207068137	0.05820862910295007	0.04303972868876166	0.059593744128598455	0.04406388912382699	0.1054117616233845	0.07794194247129166	0.10792010818908668	0.07979662548494361
0.04337190467100902	0.03147297693420903	0.047855424351318905	0.03472645894180892	0.07746388500124052	0.05621194375417649	0.08547162308769987	0.062022787386754714	0.05551592233824677	0.040285326560742254	0.061254815574827655	0.0444497748558509	0.09915356626296162	0.07195113812985696	0.1094034496629418	0.07938900248635453
0.04299753940708785	0.031747245792704416	0.044123186137179186	0.032578367384980295	0.07766162146165465	0.057341480912665714	0.07969475060014423	0.058842642406509174	0.05817627577203013	0.042954470225669256	0.05969929163513976	0.044078989433490694	0.10507726649845137	0.07758383044128192	0.10782811882795518	0.07961492306305634
0.06141629242969752	0.07903772946994611	0.04564990174420446	0.058747678207996055	0.07028746387489115	0.09045419928647455	0.05224372381987997	0.06723338623061506	0.05555144246154654	0.07149014874134461	0.041290637871396446	0.05313766325859957	0.06357547567176186	0.08181642115273814	0.04725479352370741	0.06081304225520054
0.04313704511948124	0.031303435452735354	0.04470910191288936	0.032444236317147386	0.07688584993480294	0.055794068276963725	0.07968782495122283	0.057827388914103627	0.05913458866691606	0.04291243811975602	0.06128964893081985	0.044476309490199074	0.10539927103508295	0.07648551884983065	0.10924036955242522	0.07927290447562355
0.06108606472207783	0.07997984284761607	0.044935098884541905	0.05883342073971964	0.07073062503702525	0.09260744329680755	0.05202966739901127	0.06812232283941286	0.05453618328614507	0.07140409827641461	0.04011698576259299	0.052525076405070814	0.06314661696595869	0.0826777191209477	0.04645084751324816	0.060817986903409685
0.04321693089163101	0.030819961912620392	0.045259121573709524	0.032276341108028656	0.0761034276146209	0.0542728206772473	0.07969965038061357	0.05683745093651117	0.0600528591286092	0.04282642920036942	0.06289062170948624	0.044850166954422344	0.10575087872864572	0.07541576848239713	0.11074807438103475	0.07897949632005265
0.06080148628503047	0.08099177604347362	0.04424398723161541	0.05893604456204792	0.07115863699199765	0.09478821560047365	0.05178067213248751	0.06897542900637109	0.05355661515452124	0.07134110768126783	0.038972043972033146	0.051913452288689106	0.06267964763945222	0.0834936165918729	0.045610686502656185	0.06075658231601017
0.04324062460648977	0.030306837625936448	0.045774767884095825	0.03208298839929363	0.07530812011514376	0.052782562440174235	0.07972159859922417	0.055875916826237215	0.06093020270135425	0.042705251753190225	0.06450105453302823	0.04520801917696555	0.10611639090395956	0.07437571167956769	0.11233540695889242	0.07873454579644705
0.060561309779884775	0.0820603188576902	0.04357638175547954	0.059045813152257834	0.07157990764373613	0.09699047240553553	0.05150472129553319	0.06978867972884786	0.05261463699629451	0.0712926108135729	0.037858420103688666	0.051297999274595434	0.06218740761373654	0.08426367455169133	0.0447464267930989	0.060631219234356756
0.04321129516767233	0.029773522900885224	0.04625688227883632	0.03187199871025461	0.07449571743851113	0.05132917077738362	0.07974627047070491	0.054946916099289325	0.06176431146296908	0.04255695495042426	0.06611753878910268	0.045556423329802136	0.1064808790543223	0.07336764331475203	0.11398578700894124	0.07853868824614883
0.06036487136992599	0.08317196952565337	0.04293279939384422	0.05915369985555523	0.07200182593525847	0.09920560644915458	0.05120925264505757	0.07055716849498911	0.05171308239485846	0.07125135555520433	0.0367794603402717	0.05067550191310554	0.06168217164503574	0.08498697311716515	0.04386969178124221	0.060444569583678324
0.043132240723686814	0.029228912881903945	0.046706002805401166	0.03165070175246721	0.07366405321142024	0.04991904333553708	0.07976755712717644	0.05405513228512014	0.06255200802010312	0.04238887575353103	0.06773481305519076	0.04590104563649465	0.10683039809577043	0.07239448604314214	0.11568193048739617	0.07839279878565864
0.060211652151577526	0.08431300023384754	0.04231413448209422	0.059251515329668554	0.07243063105275187	0.10142295709665883	0.05090110225299297	0.07127565002461496	0.050855234842644065	0.07121142293830718	0.03573885069343253	0.05004429573344423	0.061175480498621364	0.085662627037728	0.042991471190806325	0.0601999744408099
0.04300717472988193	0.028681258699013137	0.04712267119947024	0.03142586165562456	0.07281301333947374	0.04855861575099271	0.07978072747602875	0.0532053476729679	0.06328976357195105	0.04220761055353076	0.06934616695527925	0.046246594125779285	0.10715231651835741	0.0714593164876326	0.11740607029570348	0.07829749096831312
0.060100899584826055	0.08546964302904583	0.04172138662835168	0.05933209064149058	0.07287122965375245	0.10363036208473525	0.05058640997838253	0.07193906302302527	0.050044395235367856	0.07116826247058831	0.034740271387285034	0.049404228800480086	0.060677904045888346	0.08629020254901698	0.042121936809339997	0.059901714078423866
0.04284040697583467	0.028138060155621498	0.047507664958551875	0.03120356758540806	0.07194448169391982	0.047253943103538504	0.07978248978492154	0.052402034793919965	0.06397417406609185	0.04201895559239892	0.07094385516100145	0.046596720365377986	0.10743569260623051	0.07056496879500233	0.11914029882596194	0.0782526855362191
0.06003132517596716	0.08662835462329858	0.0411554479145304	0.05938947251572469	0.07332701873166769	0.10581473861415265	0.050270526117705765	0.07254300901836201	0.04928351367646602	0.07111869823517186	0.033787111549035805	0.048756576210624444	0.060198789880510126	0.08687001498594278	0.04127025605686505	0.059555146693975075
0.0426369161144861	0.027605960120925973	0.04786214707674696	0.03098912031899183	0.07106218856229098	0.04601036196634814	0.07977098792584408	0.051649014801507354	0.06460237646825585	0.04182785227034267	0.07251951420990585	0.04695393099941878	0.10767163004548456	0.06971373626576297	0.12086698248514227	0.07825728036854557
0.06000089739280708	0.08777611994440748	0.040616956535726556	0.059419092106514325	0.07379976469803107	0.10796266855135388	0.04995795005302902	0.07308415718057379	0.04857490021324483	0.07106087496478906	0.03288225170654096	0.04810388836253546	0.05974604317164023	0.08740329027589384	0.04044443573564063	0.05916670910727167
0.04240231626550911	0.027090662587679906	0.04818772973285874	0.03078693906448349	0.07017144888951361	0.044832245324785296	0.07974570994843252	0.050949200687540164	0.06517238348741493	0.041638363339329736	0.07406456717772111	0.04731954232288689	0.107853555646791	0.0689071857917687	0.12256920017510754	0.07830894955817726
0.060006743309935294	0.08890075811406331	0.040106218928015754	0.059417876577195626	0.07428957595424392	0.11006095745261159	0.049652319605170955	0.07356054689091286	0.047920025189477786	0.07099413054606209	0.03202791745185443	0.047449769563032915	0.05932597162715163	0.08789218615425103	0.03965121709582676	0.058743785540193945
0.042142729861547656	0.02659688734095388	0.048486456268123285	0.030600504978250665	0.06927879940181221	0.043722853950374695	0.07970730630264619	0.05030443573416223	0.06568331834873446	0.04145369376973585	0.07557059908373423	0.04769369987947569	0.10797737713900041	0.06814608698991897	0.12423116375699661	0.07840408719453298
0.04933901532347263	0.033155924936165294	0.07300697818165998	0.049060847131575984	0.05164997833625939	0.034708897075553725	0.07642651189442298	0.05135878117735574	0.06849761767773507	0.046030547126640266	0.10135597653313928	0.06811143529582647	0.07170593993304256	0.048186546616508404	0.10610333339377638	0.07130166936686579
0.04265142186456634	0.02708446906774402	0.049650043155749	0.031528727514268814	0.068447478348006	0.043465458571775965	0.07967894399093906	0.05059765418198067	0.06584760262602006	0.04181448773671906	0.07665245774140497	0.048675777498250285	0.10567296840242021	0.0671043571086617	0.12301272061307421	0.07811543157841969
0.04900503310080562	0.03275117276685854	0.07168487097993613	0.04790862174104431	0.05239610639380984	0.03501750379975063	0.07664535434482782	0.05122382504590698	0.06861669466149056	0.04585809006447366	0.10037293299568775	0.06708150289167018	0.07336486492069971	0.049031399715462574	0.10731858634770199	0.07172344022987365
0.04308145737005997	0.027495039907705184	0.05068227787022248	0.032345963616904214	0.06770734840441082	0.04321154297156923	0.07965289141014813	0.050835314350534046	0.06598225529498748	0.04211057037724225	0.07762344176612192	0.04954009820977371	0.10369852415603831	0.06618149046234166	0.12199395602760671	0.07785782780433383
0.04871504425901996	0.03241201722516277	0.07052921805785169	0.046925837086663036	0.05306180798350001	0.03530408851144665	0.07682242483273927	0.05111295278144966	0.06870359757280803	0.04571118063899105	0.09946847197360938	0.06618025039302523	0.0748339072176661	0.049789914525554875	0.1083438810444795	0.07208540589603281
0.04344850887268289	0.02784257534285732	0.051602770496370576	0.03306797086306207	0.06704372388697633	0.04296280774695311	0.0796262515498394	0.051025914710725366	0.06609829040188284	0.042356957195959256	0.07850338247063063	0.050306360282985484	0.1019937311103255	0.06535939245371426	0.1211355518316471	0.07762581078338787
0.04846138998067364	0.03212588901710757	0.06951286449638945	0.04608127358630916	0.05365992324443561	0.035572086139186845	0.07696962416605578	0.051024487837292846	0.06876286325942346	0.045584084865327966	0.09863323355030224	0.06538566714035908	0.07613916905891015	0.05047396486185839	0.10921378325653502	0.07239969553983297
0.04376426012588392	0.028138090115469524	0.05242692907916498	0.03370772522290136	0.06644545122918769	0.04272088889591749	0.07959762027749764	0.051177033632073	0.06620227139657667	0.04256453720564345	0.07930630558827152	0.05098973379074527	0.10051214810189452	0.0646239619464698	0.12040745679180202	0.07741558660050123
0.04823822212334825	0.031883054483336185	0.06861455322195585	0.045350791186529425	0.054200280444916746	0.035823677125135234	0.07709504752731426	0.050955974173828904	0.06879893536495954	0.04547265856995222	0.09786032744204416	0.0646807866097045	0.07730221859249738	0.05109290389610834	0.10995548671398712	0.07267508252438198
0.04403764482439339	0.028390394981416753	0.05316717247748744	0.03427606159911778	0.06590382104364384	0.042487183810003534	0.07956646715157624	0.05129528245020733	0.06629809468943232	0.04274136598934885	0.0800424784144981	0.05160215961913508	0.09921733519969383	0.06396389603838745	0.11978626909668008	0.07722437261497819
0.0480409503385726	0.03167585765483819	0.06781728980389821	0.04471541056589798	0.05469057371100678	0.03606029472194573	0.07720426970660559	0.05090472691187893	0.06881590928383888	0.04537385150586729	0.09714438265959446	0.06405226406651209	0.07834111383421001	0.05165430643742845	0.11059069362724558	0.07291810517065919
0.04427564016436529	0.02860661641220442	0.053833721727990495	0.03478211996025366	0.06541186723438747	0.0422627925385975	0.07953276892963819	0.051386347086671565	0.06638804244363847	0.04289350210391333	0.0807196776762423	0.05215321218685639	0.0980802491427153	0.063369926542525	0.1192534951445033	0.07705002070549719
0.047865890378614044	0.031498201981041966	0.06710725017543705	0.04416000002713068	0.05513695107421338	0.03628293149499935	0.07730116666337475	0.05086811802044799	0.0688174280643624	0.04528538447402588	0.09648098729630336	0.06348942015183091	0.0792711288607563	0.05216445381818059	0.11113691679127002	0.0731337707280112
0.04448379322029562	0.02879256793384094	0.054435134706065896	0.03523367052468665	0.06496389958223914	0.04204851602258237	0.07949678677979936	0.05145506864812801	0.06647341823081741	0.043025566653614435	0.08134399550522764	0.05265069246670586	0.09707743324516574	0.06283431311066978	0.11879434672870286	0.07689079664145834
0.04771003160466986	0.03134518393352218	0.06647302602951455	0.0436723506028656	0.05554441895773731	0.03649232604030549	0.07738845444006247	0.050843716869752094	0.06880665795777938	0.04520553177178024	0.09586635371215496	0.06298357785722927	0.08010528830407539	0.05262865924602106	0.11160841306207342	0.07332600961045659
0.04466658082085188	0.028953024024979717	0.05497867852323524	0.035637359540217156	0.06455518311480074	0.04184488119106817	0.07945892867224676	0.051505537889139766	0.06655493684140265	0.04314112810825593	0.08192036214756582	0.05310104713200379	0.09618972520468837	0.0623504950149982	0.11839688380172822	0.07674524797281744
0.047570877815342416	0.031212826774448248	0.06590508810185812	0.043242508714325244	0.05591712629613339	0.036689076530836195	0.07746804986980606	0.05082935048048929	0.0687863051992428	0.045132970574401396	0.09529711690321825	0.0625275912197939	0.08085477274985091	0.05305149140877395	0.11201687179747671	0.07349797556400312
0.044827662267147704	0.029091927301437445	0.05547059607138099	0.03599890038117523	0.06418171296132477	0.04165217709603733	0.0794196639929645	0.05154119073662157	0.06663296551860275	0.04324297299274984	0.08245289021081605	0.05350967162890357	0.09540131361726094	0.06191284443242024	0.11805138757415154	0.0766121232170056
0.0474463347462235	0.031097882697227693	0.06539539464658523	0.042862284779970033	0.05625856752374122	0.03687370885285552	0.07754131578645186	0.050823119539443525	0.06875865285367616	0.045066674429118395	0.09477021276320205	0.06211550324097369	0.08152923371426318	0.0534369316408118	0.11237193436532622	0.0736522484201297
0.04497006110329573	0.029212548376611906	0.05591630159225761	0.03632322539106661	0.06384005309028806	0.04147049377989032	0.07937947102323757	0.051564898523258774	0.0667076736513278	0.043333299884883596	0.08294510407352276	0.053881133489794564	0.09469903582404239	0.061516486688198035	0.11774989221095572	0.07649032129736845
0.03898746894925683	0.037090955163418426	0.06471137028896684	0.06156353819929594	0.03642554021272525	0.03465364937108185	0.06045908298764412	0.05751809996270217	0.060620354867479326	0.057671526902826786	0.10061761731657125	0.09572315498080256	0.05663689471119499	0.05388183893297404	0.0940058732831188	0.08943303386994088
0.04440873896981336	0.02902521270562727	0.056009253926401784	0.03660722070496866	0.06308077160234271	0.04122911066305344	0.07955882190103573	0.05199903851934089	0.0660832526739702	0.04319150936588187	0.08334561541625603	0.0544740578466465	0.09386851924573207	0.06135174744145837	0.11838898946676474	0.07737813955070644
0.039523117515323516	0.037387171931748106	0.064680256329449	0.06118474492911857	0.03690492044820421	0.034910469939258865	0.060395532146023154	0.05713157985013025	0.06127087401447957	0.05795961566796141	0.10027083099528808	0.09485190020009497	0.05721200334006097	0.05412009830968662	0.09362841986646724	0.08856846451670544
0.04390672255134119	0.028863709202868786	0.05608282103887486	0.03686811822152663	0.06240386563782545	0.041023490851518116	0.07970954389974734	0.05240001899766787	0.06551587033121886	0.04306928232235808	0.08368456166810022	0.055013144056314967	0.09311657376643999	0.061213626319277736	0.1189394206363263	0.07818923049859358
0.0400094529143577	0.037643744749544905	0.06465908663045823	0.0608358769130337	0.03733829222236634	0.03513052639863225	0.06034223653613056	0.05677427668518842	0.06186485529315062	0.05820686492784252	0.09997949850359275	0.09406783766608702	0.05773455713514967	0.05432078605712876	0.0933045432878975	0.08778756407943906
0.04345582940310665	0.028724336305590806	0.056140471067536335	0.037108894098864455	0.06179789453154599	0.04084845531390677	0.07983653649318899	0.0527720113780636	0.06499817155677887	0.04296384086301502	0.08397096591752634	0.055504872373875275	0.09243294181199069	0.06109824487972877	0.11941387304673924	0.07893266095854216
0.040452321963308314	0.03786615674885254	0.06464631682877407	0.060513400652122795	0.0377311955422132	0.03531899518695032	0.060297720945728835	0.056442815693015576	0.062409408368753576	0.05841950041923137	0.09973564410374901	0.09335942536267375	0.05821128371743774	0.0544897668864533	0.09302667702537429	0.08707937055536122
0.04304934324432911	0.02860406930216728	0.056184843908664114	0.037331932331083464	0.061253470104981854	0.04069977314025427	0.0799435344966797	0.05311835741662458	0.06452417499460775	0.04287298792773237	0.08421221851938293	0.05595467789012082	0.09180928967136946	0.06100254002570739	0.11982274805622553	0.0796160389700695
0.040856650737661884	0.03805894610325182	0.06464078790526245	0.06021443800556876	0.03808829579127278	0.03548015734311072	0.06026087321071149	0.056134442844754065	0.06291033233636403	0.058602477307819534	0.09953271685718212	0.09271710328634009	0.05864766942694899	0.05463170498564752	0.09278860337591899	0.08643480048218473
0.04268167923554563	0.028500400201754032	0.05621799080589584	0.03753917992927059	0.0607627875953795	0.040573936987939895	0.08003344515866206	0.05344178714148107	0.0640889282877835	0.04279494474955358	0.08441445711071657	0.05636717799204155	0.09123872365178545	0.06092403543034788	0.12017469366870782	0.08024583205313492
0.04122664092613609	0.03822591710904875	0.06464160203402218	0.059936595988399885	0.03841356983965579	0.03561759831911102	0.060230827409151096	0.05584686416913521	0.06337243836970016	0.05875980971766991	0.09936526112712564	0.09213285754155387	0.059048264242175255	0.054750375088736355	0.09258514184507967	0.08584623627329904
0.04234814155659284	0.02841122344761697	0.05624153759623759	0.03773225537061367	0.060319286064488595	0.04046800288245746	0.08010857785673019	0.05374457111693618	0.06368826643889064	0.04272824030231824	0.08458283881419648	0.056746337502732475	0.09071545104629848	0.060860686091347496	0.1204769858380187	0.08082759807452411
0.0415659131142441	0.03837029316639377	0.06464804070172107	0.05967784871079701	0.03871044196512335	0.03573435287515555	0.06020688685136359	0.0555781342460406	0.0637997785229041	0.05889480159250777	0.09922867969658697	0.09159990110183498	0.05941689809894401	0.05484888044749706	0.0924119250336935	0.0853072238751925
0.042044744049857564	0.028334752514787096	0.05625679772789043	0.037912525736962174	0.05991739724788608	0.04037947336142218	0.0801708031177182	0.05402862870466119	0.06331863889425361	0.04267163478303839	0.08472173968892144	0.05709559139808669	0.09023453764693083	0.06081077077030477	0.12073580770175472	0.08136615665552462
0.041877613749177346	0.03849483012384483	0.06465951024320647	0.059436453987355795	0.0389818854092616	0.03583301249503951	0.06018847286801685	0.055326577401117245	0.06419581103426557	0.05901021140382053	0.09911905979176241	0.09111243519203782	0.05975683725631361	0.054929808386353474	0.0922652339700739	0.084812246688353
0.041768074995288014	0.028269457820008462	0.056264851586616954	0.03808116243940713	0.05955235627287815	0.0403062105191146	0.0802216642185408	0.0542956062287467	0.06297698346042842	0.042624065815022476	0.08483490388708544	0.05741793791959488	0.08979173103978781	0.0607728164034657	0.12095645828133164	0.08186571911268271
0.04216449665189361	0.038601901943742405	0.06467550541539356	0.059210893440011736	0.03923049983522976	0.03591580661678624	0.06017509056231202	0.05509073106029518	0.06456352177644567	0.059108371607825304	0.09903304281712236	0.09066546767006922	0.06007089925260508	0.05499534316194311	0.09214187476242384	0.08435655342590087
0.04151519342547522	0.028214019655018987	0.05626660285401614	0.0382391820405251	0.059220056577334215	0.04024637012094367	0.08026245645249783	0.05454693419593422	0.06266063274867048	0.04258461006909492	0.08492555728494576	0.057716010567364265	0.08938332958050887	0.06074554421003877	0.1211435113822682	0.08232998883536345
0.04242898630623812	0.03869356662948663	0.0646955849645581	0.05899982878194975	0.03945857152017077	0.035984665181492084	0.060166305834838514	0.054869304368181736	0.06490551487842441	0.059191276606111336	0.09896772508722701	0.09025467252957474	0.06036153874614897	0.05504734910409731	0.09203908456254571	0.0839360248989548
0.04128354840832628	0.028167291913566653	0.05626281899391552	0.03838747655136534	0.05891693700409478	0.04019835084991999	0.08029428404629955	0.054783869723437136	0.06236724359691232	0.042552455493008116	0.08499649552737598	0.05799213472325705	0.08900608362863564	0.060727830729430964	0.12130093864570153	0.08276224016475318
0.044772372959647457	0.032596716362091806	0.06719634916345234	0.048922587512243126	0.06472247256766928	0.047121471145678495	0.09713833727997506	0.07072197917797139	0.0498453422236527	0.03629011318877835	0.07481008485413801	0.05446580013108061	0.07205590370660246	0.052460606844654846	0.10814467370583351	0.07873518917653057
0.041316411237244936	0.02829206650116611	0.05662742022639416	0.038776522230720596	0.05900922246385372	0.040407499009122064	0.08087682200919645	0.05538168389185926	0.061797352034113774	0.042316714859518975	0.08469817483469128	0.05799841571889312	0.08826065925519785	0.060437883308553535	0.12096823735255155	0.0828349150669227
0.0447829536588185	0.03249428511501479	0.06684917471760253	0.04850542372721478	0.06469085166883014	0.04693935541802215	0.09656643192378099	0.07006811554630701	0.05031850691866668	0.03651085461744724	0.07511230023284682	0.054501105889653574	0.07268719013203094	0.05274145824221224	0.1085028627161777	0.07872912947537379
